1-Time 2-Px 3-Py 4-Pz 5-R11 6-R21 7-R31 8-R12 9-R22 10-R32 11-R13 12-R23 13-R33 14-Vx 15-Vy 16-Vz 17-Wx 18-Wy 19-Wz 20-state
7.734283 -0.046357  0.057857  0.002421  0.992578  0.121383  0.007442  -0.068358  0.506276  0.859658  0.100580  -0.853786  0.510816  0.000000  0.000000  0.000000  0.000000  0.000000  0.000000  1.000000  
7.735353 -0.046357  0.057857  0.002421  0.992578  0.121383  0.007442  -0.068358  0.506276  0.859658  0.100580  -0.853786  0.510816  0.000000  0.000000  0.000000  0.000000  0.000000  0.000000  1.000000  
7.736601 -0.046345  0.057842  0.002421  0.992578  0.121383  0.007442  -0.068358  0.506276  0.859658  0.100580  -0.853786  0.510816  0.006212  -0.007340  -0.000202  0.000000  0.000000  0.000000  1.000000  
7.737602 -0.046327  0.057822  0.002421  0.992578  0.121383  0.007442  -0.068358  0.506276  0.859658  0.100580  -0.853786  0.510816  0.010040  -0.011580  -0.000064  0.000000  0.000000  0.000000  1.000000  
7.738854 -0.046302  0.057793  0.002418  0.992578  0.121381  0.007472  -0.068358  0.506068  0.859781  0.100580  -0.853910  0.510609  0.013144  -0.014984  -0.000723  0.000000  0.000000  0.000000  1.000000  
7.740105 -0.046270  0.057759  0.002412  0.992592  0.121274  0.007339  -0.068154  0.505780  0.859966  0.100580  -0.854096  0.510298  0.015859  -0.017819  -0.001598  0.000000  0.000000  0.000000  1.000000  
7.741118 -0.046238  0.057727  0.002405  0.992592  0.121272  0.007383  -0.068154  0.505467  0.860150  0.100580  -0.854281  0.509988  0.018423  -0.020032  -0.002431  0.000000  0.000000  0.000000  1.000000  
7.742349 -0.046190  0.057679  0.002396  0.992592  0.121277  0.007211  -0.067949  0.504962  0.860463  0.100713  -0.854579  0.509462  0.021712  -0.022990  -0.003329  0.000000  0.000000  0.000000  1.000000  
7.743594 -0.046136  0.057625  0.002388  0.992620  0.121066  0.006916  -0.067540  0.504595  0.860711  0.100713  -0.854826  0.509048  0.024686  -0.025915  -0.003722  0.000000  0.000000  0.000000  1.000000  
7.744598 -0.046091  0.057577  0.002383  0.992634  0.120960  0.006782  -0.067336  0.504306  0.860895  0.100713  -0.855011  0.508737  0.026743  -0.028123  -0.003835  0.000000  0.000000  0.000000  1.000000  
7.745621 -0.046044  0.057526  0.002378  0.992689  0.120520  0.006622  -0.066929  0.503954  0.861134  0.100447  -0.855281  0.508335  0.028504  -0.030111  -0.003955  0.000000  0.000000  0.000000  1.000000  
7.746862 -0.045984  0.057462  0.002369  0.992770  0.119853  0.006597  -0.066524  0.503616  0.861363  0.099914  -0.855574  0.507948  0.030486  -0.032303  -0.004264  0.000000  0.000000  0.000000  1.000000  
7.747886 -0.045937  0.057410  0.002361  0.992810  0.119508  0.006844  -0.066526  0.503326  0.861532  0.099515  -0.855793  0.507657  0.031675  -0.033682  -0.004570  0.000000  0.000000  0.000000  1.000000  
7.749109 -0.045879  0.057344  0.002350  0.992876  0.118945  0.006981  -0.066325  0.503067  0.861699  0.098982  -0.856023  0.507373  0.033059  -0.035443  -0.004949  0.000000  0.000000  0.000000  1.000000  
7.750128 -0.045831  0.057286  0.002342  0.992916  0.118611  0.006968  -0.066123  0.502898  0.861813  0.098716  -0.856169  0.507178  0.035600  -0.038615  -0.005383  0.000000  0.000000  0.000000  1.000000  
7.751135 -0.045783  0.057225  0.002335  0.992943  0.118392  0.006873  -0.065919  0.502825  0.861871  0.098583  -0.856242  0.507081  0.038235  -0.042014  -0.005784  0.000000  0.000000  0.000000  1.000000  
7.752355 -0.045723  0.057148  0.002327  0.992983  0.118070  0.006600  -0.065511  0.502777  0.861930  0.098450  -0.856315  0.506984  0.040964  -0.045725  -0.006400  0.000000  0.000000  0.000000  1.000000  
7.753596 -0.045665  0.057070  0.002317  0.992997  0.117966  0.006437  -0.065307  0.502697  0.861993  0.098450  -0.856376  0.506880  0.042802  -0.048668  -0.006805  0.000000  0.000000  0.000000  1.000000  
7.754599 -0.045618  0.057006  0.002309  0.992997  0.117965  0.006451  -0.065307  0.502592  0.862053  0.098450  -0.856438  0.506776  0.044366  -0.051189  -0.007133  0.000000  0.000000  0.000000  1.000000  
7.755872 -0.045558  0.056923  0.002298  0.992970  0.118181  0.006590  -0.065510  0.502351  0.862178  0.098583  -0.856549  0.506562  0.046074  -0.054459  -0.007300  0.000000  0.000000  0.000000  1.000000  
7.757099 -0.045496  0.056837  0.002285  0.992917  0.118615  0.006838  -0.065918  0.502078  0.862306  0.098849  -0.856649  0.506341  0.047048  -0.057089  -0.007498  0.226785  0.054516  -0.122573  1.000000  
7.758100 -0.045446  0.056766  0.002274  0.992863  0.119059  0.006856  -0.066119  0.501717  0.862501  0.099249  -0.856799  0.506009  0.047485  -0.058949  -0.007782  0.233475  0.053445  -0.098150  1.000000  
7.759126 -0.045396  0.056694  0.002263  0.992810  0.119504  0.006860  -0.066321  0.501460  0.862635  0.099648  -0.856888  0.505780  0.047722  -0.060520  -0.008214  0.234380  0.052388  -0.075640  1.000000  
7.760367 -0.045333  0.056603  0.002245  0.992729  0.120164  0.007018  -0.066726  0.500857  0.862954  0.100181  -0.857148  0.505233  0.048361  -0.062636  -0.008970  0.248276  0.046818  -0.045957  1.000000  
7.761376 -0.045282  0.056529  0.002228  0.992648  0.120823  0.007177  -0.067131  0.500253  0.863273  0.100713  -0.857408  0.504686  0.048402  -0.064039  -0.009703  0.263127  0.042100  -0.019163  1.000000  
7.762617 -0.045220  0.056435  0.002201  0.992525  0.121802  0.007640  -0.067944  0.499486  0.863654  0.101379  -0.857717  0.504028  0.048700  -0.066199  -0.010810  0.280416  0.027238  0.017219  1.000000  
7.763625 -0.045172  0.056358  0.002179  0.992415  0.122678  0.007911  -0.068552  0.498847  0.863975  0.102044  -0.857964  0.503473  0.048686  -0.067755  -0.011699  0.293766  0.019813  0.047304  1.000000  
7.764852 -0.045112  0.056259  0.002151  0.992304  0.123554  0.008184  -0.069161  0.498207  0.864295  0.102710  -0.858210  0.502918  0.048752  -0.069472  -0.012869  0.306049  0.012862  0.075320  1.000000  
7.765861 -0.045063  0.056178  0.002128  0.992234  0.124097  0.008413  -0.069566  0.497608  0.864608  0.103109  -0.858479  0.502377  0.048815  -0.070914  -0.013968  0.330334  0.007967  0.094555  1.000000  
7.767111 -0.045003  0.056076  0.002098  0.992136  0.124858  0.008755  -0.070175  0.496974  0.864923  0.103641  -0.858736  0.501828  0.048781  -0.072637  -0.015495  0.352822  -0.000679  0.120540  1.000000  
7.768138 -0.044955  0.055994  0.002074  0.992065  0.125388  0.009231  -0.070786  0.496356  0.865228  0.103907  -0.859016  0.501293  0.048779  -0.073797  -0.016545  0.370929  -0.013910  0.138661  1.000000  
7.769352 -0.044895  0.055893  0.002045  0.991965  0.126135  0.009819  -0.071600  0.495703  0.865536  0.104307  -0.859284  0.500751  0.049016  -0.075373  -0.017869  0.383040  -0.036772  0.167912  1.000000  
7.770356 -0.044846  0.055813  0.002024  0.991907  0.126565  0.010088  -0.072006  0.495319  0.865722  0.104573  -0.859442  0.500424  0.049084  -0.076329  -0.018724  0.385458  -0.044234  0.183104  1.000000  
7.771616 -0.044782  0.055712  0.001999  0.991821  0.127222  0.010239  -0.072411  0.494814  0.865977  0.105105  -0.859636  0.499979  0.049155  -0.077422  -0.019573  0.387987  -0.053052  0.209317  1.000000  
7.772853 -0.044716  0.055609  0.001976  0.991750  0.127779  0.010197  -0.072611  0.494439  0.866174  0.105637  -0.859769  0.499638  0.049506  -0.078365  -0.020057  0.383993  -0.057966  0.227144  1.000000  
7.774103 -0.044648  0.055506  0.001956  0.991664  0.128438  0.010334  -0.073015  0.494037  0.866370  0.106169  -0.859902  0.499296  0.049991  -0.079332  -0.020450  0.379826  -0.072103  0.254563  1.000000  
7.775124 -0.044593  0.055423  0.001942  0.991592  0.128996  0.010277  -0.073215  0.493766  0.866507  0.106702  -0.859974  0.499059  0.050181  -0.079942  -0.020571  0.377626  -0.077059  0.290863  1.000000  
7.776392 -0.044524  0.055318  0.001923  0.991520  0.129553  0.010236  -0.073415  0.493391  0.866704  0.107234  -0.860106  0.498717  0.050545  -0.080771  -0.020301  0.374662  -0.078839  0.327584  1.000000  
7.777620 -0.044454  0.055211  0.001905  0.991433  0.130238  0.009884  -0.073408  0.493024  0.866913  0.108032  -0.860212  0.498361  0.051093  -0.081709  -0.019728  0.371196  -0.056339  0.366881  1.000000  
7.778710 -0.044398  0.055123  0.001892  0.991390  0.130580  0.009717  -0.073405  0.492788  0.867048  0.108431  -0.860296  0.498131  0.051331  -0.081835  -0.018890  0.366448  -0.048560  0.392158  1.000000  
7.779874 -0.044327  0.055010  0.001876  0.991318  0.131151  0.009432  -0.073400  0.492430  0.867251  0.109096  -0.860414  0.497781  0.052300  -0.083164  -0.018214  0.372508  -0.036600  0.427992  1.000000  
7.781104 -0.044256  0.054895  0.001858  0.991274  0.131491  0.009297  -0.073396  0.491984  0.867505  0.109495  -0.860617  0.497342  0.053057  -0.084189  -0.017588  0.382638  -0.033334  0.443674  1.000000  
7.782350 -0.044186  0.054779  0.001839  0.991230  0.131832  0.009145  -0.073393  0.491643  0.867699  0.109894  -0.860760  0.497006  0.053681  -0.085107  -0.016892  0.391826  -0.036186  0.465536  1.000000  
7.783359 -0.044130  0.054686  0.001821  0.991201  0.132057  0.009077  -0.073391  0.491205  0.867947  0.110160  -0.860976  0.496574  0.054297  -0.085912  -0.016357  0.407892  -0.038014  0.480420  1.000000  
7.784604 -0.044060  0.054569  0.001797  0.991171  0.132281  0.009025  -0.073389  0.490661  0.868254  0.110426  -0.861251  0.496037  0.054867  -0.086938  -0.016156  0.419539  -0.030012  0.480917  1.000000  
7.785620 -0.044002  0.054474  0.001778  0.991156  0.132392  0.009023  -0.073388  0.490231  0.868497  0.110559  -0.861479  0.495612  0.055434  -0.087967  -0.015961  0.431871  -0.027896  0.484886  1.000000  
7.786854 -0.043929  0.054354  0.001752  0.991126  0.132602  0.009216  -0.073591  0.489669  0.868797  0.110692  -0.861766  0.495082  0.055998  -0.089166  -0.016126  0.443353  -0.024410  0.477435  1.000000  
7.788100 -0.043857  0.054233  0.001727  0.991112  0.132712  0.009230  -0.073590  0.489133  0.869099  0.110825  -0.862054  0.494552  0.056471  -0.090481  -0.016361  0.447167  -0.023024  0.462378  1.000000  
7.789102 -0.043799  0.054136  0.001708  0.991097  0.132822  0.009229  -0.073589  0.488703  0.869341  0.110958  -0.862281  0.494126  0.056581  -0.091359  -0.016584  0.455028  -0.021792  0.451651  1.000000  
7.790102 -0.043743  0.054037  0.001688  0.991097  0.132819  0.009277  -0.073589  0.488386  0.869519  0.110958  -0.862460  0.493812  0.056752  -0.092545  -0.016912  0.449406  -0.016889  0.433027  1.000000  
7.791105 -0.043687  0.053938  0.001670  0.991067  0.133030  0.009455  -0.073791  0.487929  0.869759  0.111091  -0.862687  0.493386  0.056768  -0.093530  -0.017142  0.448879  -0.017911  0.418121  1.000000  
7.792352 -0.043616  0.053811  0.001649  0.991037  0.133241  0.009632  -0.073994  0.487471  0.869998  0.111224  -0.862913  0.492960  0.056837  -0.094825  -0.017305  0.439297  -0.015288  0.395700  1.000000  
7.793602 -0.043546  0.053681  0.001633  0.990991  0.133553  0.009974  -0.074401  0.487090  0.870177  0.111357  -0.863080  0.492639  0.057235  -0.096882  -0.017408  0.421813  -0.014880  0.369590  1.000000  
7.794854 -0.043478  0.053546  0.001620  0.991050  0.133085  0.010384  -0.074611  0.487739  0.869795  0.110692  -0.862785  0.493304  0.056666  -0.097716  -0.017095  0.370545  -0.027881  0.322679  1.000000  
7.796099 -0.043412  0.053413  0.001609  0.991237  0.131547  0.012028  -0.075446  0.489044  0.868990  0.108431  -0.862283  0.494683  0.056297  -0.098834  -0.016609  0.303421  -0.078148  0.246335  1.000000  
7.797102 -0.043359  0.053310  0.001605  0.991460  0.129669  0.013875  -0.076284  0.490377  0.868166  0.105770  -0.861810  0.496081  0.056064  -0.099455  -0.015821  0.239961  -0.141347  0.164498  1.000000  
7.798102 -0.043307  0.053216  0.001602  0.991676  0.127808  0.015635  -0.077122  0.492343  0.866978  0.103109  -0.860967  0.498101  0.055863  -0.099754  -0.014887  0.147547  -0.196643  0.083271  1.000000  
7.799371 -0.043242  0.053105  0.001598  0.991953  0.125404  0.017415  -0.077760  0.494896  0.865466  0.099914  -0.859856  0.500665  0.055365  -0.099176  -0.013491  0.033424  -0.255262  -0.028166  1.000000  
7.800375 -0.043190  0.053017  0.001595  0.992151  0.123730  0.018102  -0.077776  0.497234  0.864124  0.097917  -0.858749  0.502954  0.055045  -0.098756  -0.012393  -0.070014  -0.281905  -0.100801  1.000000  
7.801605 -0.043126  0.052907  0.001589  0.992329  0.122179  0.018871  -0.077995  0.500275  0.862347  0.095920  -0.857203  0.505967  0.054609  -0.098153  -0.011215  -0.195761  -0.314781  -0.172406  1.000000  
7.802850 -0.043060  0.052792  0.001583  0.992515  0.120515  0.019749  -0.078215  0.503111  0.860675  0.093789  -0.855778  0.508771  0.054064  -0.097687  -0.009963  -0.313094  -0.360117  -0.248797  1.000000  
7.804100 -0.042995  0.052674  0.001574  0.992709  0.118601  0.021509  -0.079053  0.505914  0.858954  0.090991  -0.854392  0.511601  0.053651  -0.097485  -0.008940  -0.429217  -0.428897  -0.337405  1.000000  
7.805100 -0.042939  0.052578  0.001563  0.992902  0.116564  0.023652  -0.080097  0.508293  0.857451  0.087926  -0.853259  0.514021  0.053585  -0.097318  -0.008366  -0.524265  -0.514567  -0.426979  1.000000  
7.806103 -0.042885  0.052476  0.001547  0.993050  0.114625  0.026689  -0.081961  0.510814  0.855776  0.084460  -0.852016  0.516658  0.053465  -0.097433  -0.008191  -0.627681  -0.633841  -0.506056  1.000000  
7.807348 -0.042820  0.052343  0.001523  0.993221  0.112019  0.031038  -0.084652  0.514067  0.853563  0.079660  -0.850404  0.520065  0.053054  -0.097900  -0.008437  -0.753802  -0.800941  -0.623815  1.000000  
7.808351 -0.042770  0.052230  0.001500  0.993309  0.110120  0.034784  -0.087132  0.516972  0.851556  0.075791  -0.848890  0.523108  0.052651  -0.098386  -0.008975  -0.873485  -0.946974  -0.704084  1.000000  
7.809353 -0.042717  0.052115  0.001472  0.993422  0.108039  0.037947  -0.088997  0.519939  0.849554  0.072055  -0.847343  0.526134  0.052470  -0.098884  -0.010162  -0.989594  -1.073995  -0.793093  1.000000  
7.810602 -0.042649  0.051972  0.001432  0.993488  0.106011  0.041744  -0.091478  0.523799  0.846916  0.067917  -0.845219  0.530086  0.052589  -0.099584  -0.012043  -1.144165  -1.225749  -0.881627  1.000000  
7.811605 -0.042593  0.051861  0.001399  0.993529  0.104453  0.044603  -0.093338  0.527138  0.844638  0.064713  -0.843336  0.533477  0.052788  -0.099918  -0.014014  -1.281252  -1.340192  -0.946906  1.000000  
7.812843 -0.042523  0.051724  0.001353  0.993518  0.102860  0.048388  -0.096020  0.531568  0.841555  0.060841  -0.840747  0.537999  0.053140  -0.101052  -0.016623  -1.464868  -1.492809  -1.019536  1.000000  
7.813859 -0.042465  0.051617  0.001314  0.993503  0.101392  0.051689  -0.098290  0.535494  0.838800  0.057368  -0.838431  0.541980  0.053530  -0.102260  -0.019275  -1.645899  -1.636597  -1.092069  1.000000  
7.815115 -0.042392  0.051488  0.001264  0.993500  0.098932  0.056310  -0.101182  0.540819  0.835031  0.052158  -0.835301  0.547313  0.054171  -0.103769  -0.022440  -1.867656  -1.815756  -1.189732  1.000000  
7.816367 -0.042316  0.051362  0.001215  0.993492  0.096032  0.061247  -0.104076  0.546901  0.830703  0.046278  -0.831671  0.553337  0.054810  -0.104666  -0.025371  -2.121023  -2.006207  -1.313260  1.000000  
7.817698 -0.042242  0.051243  0.001170  0.993441  0.092897  0.066672  -0.107173  0.553202  0.826124  0.039861  -0.827851  0.559530  0.055118  -0.104349  -0.027781  -2.373267  -2.208123  -1.433932  1.000000  
7.818863 -0.042171  0.051127  0.001130  0.993366  0.089622  0.072049  -0.110062  0.559523  0.821474  0.033310  -0.823955  0.565676  0.055788  -0.104745  -0.030044  -2.640939  -2.420811  -1.569323  1.000000  
7.820111 -0.042105  0.051012  0.001092  0.993253  0.086718  0.076994  -0.112741  0.566605  0.816240  0.027158  -0.819414  0.572559  0.055589  -0.104405  -0.031629  -2.932033  -2.608109  -1.690236  1.000000  
7.821115 -0.042054  0.050916  0.001064  0.993161  0.084377  0.080695  -0.114595  0.572227  0.812049  0.022343  -0.815743  0.577983  0.055331  -0.103893  -0.032404  -3.166141  -2.754829  -1.788667  1.000000  
7.822127 -0.042005  0.050817  0.001035  0.993035  0.082423  0.084186  -0.116445  0.577891  0.807764  0.017928  -0.811941  0.583464  0.055146  -0.103248  -0.032971  -3.400340  -2.889065  -1.878105  1.000000  
7.823346 -0.041945  0.050688  0.001002  0.992897  0.080026  0.088039  -0.118294  0.584974  0.802379  0.012711  -0.807094  0.590286  0.055018  -0.102844  -0.033245  -3.666234  -3.