4.174430e+01
4.380596e+01
4.431558e+01
4.760116e+01
4.981329e+01
4.204992e+01
5.065974e+01
4.910703e+01
5.039153e+01
4.073288e+01
3.898154e+01
4.715525e+01
4.852329e+01
3.967427e+01
3.943736e+01
4.696751e+01
5.018349e+01
5.021867e+01
3.934155e+01
4.896918e+01
5.155785e+01
4.478348e+01
3.906032e+01
4.161917e+01
4.897798e+01
3.860737e+01
4.436784e+01
4.610323e+01
5.230742e+01
4.113359e+01
3.974498e+01
4.769330e+01
3.962617e+01
5.275245e+01
4.172516e+01
4.709534e+01
5.025043e+01
5.045081e+01
4.533559e+01
4.941092e+01
5.172662e+01
5.151462e+01
4.121356e+01
4.620592e+01
4.977064e+01
4.091662e+01
4.920334e+01
4.513337e+01
4.674888e+01
4.190822e+01
3.927234e+01
4.247199e+01
5.175694e+01
4.505777e+01
4.204201e+01
4.944456e+01
4.958258e+01
3.831949e+01
5.119979e+01
4.997255e+01
4.286248e+01
4.803567e+01
4.244441e+01
5.194928e+01
4.222941e+01
4.053320e+01
4.917750e+01
4.515702e+01
4.780167e+01
5.249864e+01
4.269541e+01
3.914659e+01
4.987123e+01
4.348076e+01
4.677649e+01
4.075005e+01
3.915378e+01
4.030494e+01
5.040314e+01
4.251435e+01
4.375827e+01
4.776123e+01
5.026056e+01
4.949399e+01
4.361263e+01
4.084794e+01
4.769753e+01
3.805408e+01
4.224332e+01
4.757901e+01
4.688112e+01
4.287934e+01
5.283427e+01
3.984854e+01
4.903815e+01
4.034926e+01
4.451971e+01
5.048365e+01
4.339864e+01
3.914357e+01
4.635388e+01
4.210895e+01
3.998082e+01
4.849482e+01
4.528857e+01
4.074074e+01
3.951822e+01
4.102376e+01
4.002119e+01
4.285684e+01
5.225818e+01
4.598196e+01
4.171529e+01
4.455914e+01
4.803632e+01
4.621544e+01
4.713582e+01
5.094702e+01
4.371044e+01
4.923433e+01
4.035045e+01
3.887186e+01
4.309560e+01
5.025765e+01
4.366322e+01
5.258907e+01
4.707978e+01
4.307354e+01
5.191976e+01
5.147637e+01
5.076060e+01
4.185188e+01
4.228243e+01
4.969920e+01
4.852093e+01
4.538768e+01
5.251502e+01
4.514242e+01
5.292358e+01
4.535868e+01
4.555180e+01
4.953159e+01
4.382127e+01
4.479889e+01
3.999281e+01
4.937759e+01
4.647855e+01
4.772955e+01
4.997087e+01
4.130672e+01
5.086836e+01
5.157093e+01
4.238030e+01
4.888805e+01
4.309169e+01
4.209022e+01
4.055412e+01
4.796027e+01
4.603777e+01
5.043664e+01
4.201043e+01
4.064234e+01
4.446780e+01
4.513483e+01
4.977831e+01
3.995977e+01
3.877034e+01
4.741260e+01
3.843631e+01
4.004292e+01
4.841833e+01
4.573518e+01
4.613874e+01
5.012725e+01
4.990529e+01
4.552801e+01
4.214948e+01
3.979497e+01
5.129897e+01
5.255433e+01
5.213789e+01
4.757192e+01
3.935885e+01
3.912062e+01
4.073676e+01
3.847531e+01
4.887404e+01
4.016238e+01
4.753890e+01
4.984771e+01
4.649380e+01
4.366121e+01
5.032379e+01
4.257321e+01
4.279060e+01
4.977470e+01
4.555605e+01
4.191495e+01
4.898713e+01
4.044425e+01
5.181613e+01
4.133335e+01
3.925413e+01
3.910552e+01
4.954327e+01
5.026516e+01
4.910638e+01
4.937373e+01
5.241792e+01
4.499637e+01
4.980495e+01
4.433852e+01
5.215595e+01
3.801972e+01
5.271902e+01
4.655291e+01
4.319706e+01
4.636255e+01
4.249677e+01
4.038609e+01
4.797884e+01
4.826304e+01
4.988614e+01
4.322937e+01
4.175112e+01
4.317505e+01
4.292949e+01
5.191228e+01
4.934109e+01
4.232358e+01
4.709270e+01
4.949044e+01
5.069229e+01
5.152972e+01
4.693561e+01
3.902804e+01
4.127065e+01
5.104113e+01
4.421327e+01
4.791814e+01
4.975227e+01
4.171829e+01
4.631638e+01
4.144378e+01
3.810369e+01
4.949959e+01
3.832750e+01
4.389655e+01
4.178810e+01
4.106325e+01
4.793419e+01
5.172113e+01
3.810354e+01
4.919635e+01
4.999506e+01
5.161698e+01
5.261861e+01
3.979795e+01
4.578455e+01
5.032962e+01
4.755534e+01
5.230866e+01
5.220390e+01
5.249908e+01
3.901016e+01
4.456302e+01
4.281260e+01
4.001078e+01
4.001878e+01
5.008921e+01
4.587146e+01
5.216385e+01
5.282510e+01
4.414841e+01
4.356782e+01
4.140281e+01
4.469046e+01
4.199332e+01
4.488645e+01
4.449358e+01
4.189435e+01
4.000572e+01
4.428843e+01
4.560291e+01
4.286487e+01
4.827033e+01
4.464640e+01
4.453495e+01
4.989535e+01
5.023335e+01
4.928169e+01
4.983884e+01
4.551901e+01
4.632773e+01
4.746125e+01
3.946984e+01
4.168514e+01
4.723588e+01
4.257440e+01
4.950451e+01
4.200844e+01
3.859259e+01
4.244843e+01
4.634547e+01
5.253612e+01
4.833687e+01
4.876822e+01
4.638544e+01
4.600031e+01
5.113586e+01
4.389648e+01
4.487100e+01
4.112368e+01
4.935910e+01
4.620038e+01
4.336082e+01
4.851497e+01
3.963834e+01
3.809916e+01
4.695953e+01
4.788764e+01
4.670010e+01
5.164927e+01
4.754009e+01
4.588342e+01
4.189435e+01
3.876756e+01
4.897925e+01
4.046437e+01
4.220596e+01
4.189141e+01
4.620644e+01
4.611903e+01
4.982170e+01
5.104408e+01
4.981311e+01
5.254142e+01
4.070702e+01
5.195898e+01
3.867728e+01
4.160969e+01
3.813283e+01
4.807390e+01
5.157220e+01
4.658624e+01
4.033192e+01
4.553551e+01
4.651599e+01
4.082408e+01
4.286295e+01
4.874056e+01
4.629393e+01
4.013423e+01
4.370545e+01
4.394854e+01
4.665113e+01
3.829102e+01
4.666370e+01
5.198294e+01
3.960309e+01
4.898225e+01
5.255784e+01
4.713328e+01
4.879498e+01
4.254128e+01
4.488534e+01
3.872043e+01
4.378028e+01
4.342575e+01
4.231376e+01
5.025069e+01
4.475792e+01
5.009949e+01
4.985259e+01
4.224437e+01
3.902464e+01
3.882396e+01
4.756284e+01
4.436428e+01
5.158297e+01
4.425981e+01
4.031087e+01
4.609999e+01
5.205637e+01
4.791433e+01
4.391986e+01
4.188486e+01
5.071868e+01
5.217584e+01
4.365500e+01
3.900920e+01
4.072373e+01
4.663621e+01
4.078828e+01
4.237173e+01
4.492496e+01
4.320466e+01
4.277249e+01
4.489872e+01
4.153842e+01
3.841628e+01
4.787680e+01
4.038205e+01
5.003994e+01
4.412870e+01
4.291088e+01
4.919022e+01
4.919528e+01
