-0.0448288320312906 0.848614689411332 0.527108608100853
-0.00133599071988152 0.944287681917379 0.329118502834314
0.052693968112136 0.889229992385369 0.454415411674068
-0.227596074781431 0.875546000139749 0.426168075274734
-0.288056465319637 0.712401385147176 0.639927917212511
-0.0124617328755211 0.85810064410747 0.513330293082421
-0.0900925043177231 0.882535883476469 0.461534132044608
-0.0129276896443712 0.96869098180134 0.247932766324291
-0.0168605033231748 0.891898197603446 0.451921816843814
0.208706797047888 0.871231189954775 0.444294594290769
0.16830908540988 0.77808105874945 0.60519576814765
-0.226754295179782 0.442465105799426 0.86764458147759
0.0937043670904264 0.735780702486295 0.670705784556058
-0.164232399123585 0.801472625855157 0.575038563126814
0.31062053007522 0.744847398288769 0.59052285269771
0.173298377053995 0.775765511848392 0.606758224614264
-0.00599037482076994 0.891309887917229 0.45335504751848
0.065988598041531 0.816902963993034 0.572987829144659
0.0343804839535341 0.441329592465548 0.896686217769245
-0.114178148531123 0.823469701560446 0.555752643727365
-0.0665016188542578 0.325057815903389 0.943353036254128
0.0603970897529186 0.649227424585226 0.758192549894691
0.129435632642188 0.77405694439037 0.619743708191991
0.249898279670126 0.662363931139172 0.706275351788361
-0.184973370897189 0.722819120092162 0.665820825513984
-0.0727238526673716 0.44386271764462 0.893138919283191
-0.105858294757346 0.613142232458977 0.782847765664748
-0.0101694461895887 0.694656699176985 0.719269527126468
-0.1491103506722 0.537348715020495 0.830073768883366
-0.0993602850869326 0.598899301161711 0.794636496025357
