-0.338944465899477 0.63157122360829 0.697305125856713
0.0935667570928699 0.779943931973957 0.618815582337847
0.100142350709219 0.916080237094373 0.388289207678438
-0.00450626708542679 0.755985137244812 0.654573270017878
-0.141236130219332 0.525935249532144 0.838715964328944
-0.000551733761534277 0.720419021656409 0.693538844496456
-0.0996249290867606 0.561342021342526 0.821565583857762
-0.0472379233016399 0.792606798350669 0.607900519666212
-0.0180270205569021 0.782372528038885 0.622549800337198
-0.136280793106565 0.709602053011918 0.691297672346375
0.197914776446381 0.773349546067353 0.602295791834541
0.123501643323574 0.624396629214648 0.771282175031786
0.14413197166077 0.653335878247953 0.743221504626417
0.277972539312162 0.556811196875894 0.78274680352077
0.0557131427726832 0.801029034148445 0.596027291467093
0.0776298894483858 0.907179722941506 0.413519709987327
-0.185672675516119 0.595262100208542 0.781785577778205
-0.0106195513679141 0.919248515198578 0.393534486968999
0.123189049353974 0.601950296886763 0.788974206293972
0.0564039377173411 0.698871797628404 0.713019499235204
