0.0186080375506833 -0.728964715547381 0.684298315375274
-0.0125693819622698 -0.667746794441645 0.744282358483657
0.0179669808818411 -0.551958637679984 0.833677905361805
0.0823512937765661 -0.704387600570586 0.705022249702616
0.0117773524372117 -0.733756735770513 0.679310199158655
-0.129831183670191 -0.652541499035498 0.746547691566521
-0.0771826481202984 -0.790948828117952 0.606994884762612
-0.0826343912808444 -0.650415809062933 0.755070084627019
-0.00539062009819491 -0.563138750060509 0.826344776346559
-0.0580691166306762 -0.742280183641078 0.667568802946558
-0.0718007830570486 -0.749511884097868 0.658085543944295
-0.00100044054166429 -0.727148834836262 0.686479111929117
-0.209743036402859 -0.691998032295568 0.690757976414005
-0.0228614844748279 -0.803991043427005 0.594201779378658
-0.0531244630776471 -0.596769459146869 0.800652236649762
-0.129403793470869 -0.98871781907835 0.0754435714444943
-0.101816470180771 -0.761234169148665 0.640434185627586
0.117585858117348 -0.700973474660142 0.703427148888706
-0.0279858709814833 -0.621170920541993 0.78317525401306
-0.0257387166029842 -0.832178950089459 0.5539094813195
