-0.338944465899477 0.63157122360829 0.697305125856713
0.0935667570928699 0.779943931973957 0.618815582337847
0.100142350709219 0.916080237094373 0.388289207678438
-0.00450626708542679 0.755985137244812 0.654573270017878
-0.141236130219332 0.525935249532144 0.838715964328944
-0.000551733761534277 0.720419021656409 0.693538844496456
-0.0996249290867606 0.561342021342526 0.821565583857762
-0.0472379233016399 0.792606798350669 0.607900519666212
-0.0180270205569021 0.782372528038885 0.622549800337198
-0.136280793106565 0.709602053011918 0.691297672346375
0.221305197236486 0.655251664394471 0.722266755419628
-0.711686293903493 0.0223578712422839 0.702141541758799
-0.00244032499093025 0.878409318150077 0.477902829664207
-0.458294500127859 0.875360200838748 0.15398269363829
0.177955444009359 0.579092942148708 0.795602428541407
0.0187837335567963 0.868758625992387 0.494879400579058
-0.239376492211256 0.802418257090161 0.54664781684831
0.0106508431991793 0.789525344890837 0.613625528571091
0.253362155379884 0.198094896263129 0.946871707411178
-0.354554894209692 0.916374415291496 0.185872961968982
