0.0321391685918849 -0.951921910339384 0.304650210008199
0.0546791092541322 -0.744938242816374 0.664888869963114
0.349735792460956 -0.450859036756951 0.821225306749799
0.287879765834803 -0.863048248969917 0.415057779559496
-0.240080892894566 -0.661200637222339 0.710756556215784
0.0168130812388753 -0.920969113808778 0.389272670129215
-0.150767789070087 -0.752276271220921 0.641365329228876
-0.0345008023060151 -0.622971664205259 0.781483205345816
-0.1942994296512 -0.854337899422743 0.482031622663029
-0.20983937500942 -0.801829318517384 0.559497257063521
