-0.148648453806488 0.9606558333978 0.23461459234182
0.252606846107154 0.960817727319161 0.114101166378962
0.0444156124533973 0.998863016339856 -0.0173184283015382
-0.0549119038623685 0.988296862098542 0.142316531648243
0.331968834709312 0.943208745686728 -0.0124078540372989
0.157475148414948 0.943145191299648 0.29270928540113
0.24543516427338 0.961562236364085 0.123124513142583
-0.10509817034919 0.990856290435496 0.0846060653479455
0.148819837172309 0.98334913370504 -0.104293515165404
0.125835785308269 0.991304984406278 0.0384679480492631
