-0.112559374883763 0.820545771203553 0.560388280110981
0.159171519521672 0.77107019163946 0.616534822161934
0.0111078177921176 0.735757157359561 0.677154355947059
0.0358932426043965 0.615723787548446 0.787144137107263
0.0307938970482974 0.433015779850391 0.900860183549665
0.203742178708595 0.606301457491088 0.768692179782816
0.00541874915575666 0.51397713154736 0.85778677152538
0.238302880576399 0.825768131347617 0.511193437320604
-0.179188090272304 0.61081806066602 0.771228192604995
-0.197642075244515 0.556976582546057 0.806668889066857
0.0706087041302987 0.454419428044517 0.88798501919612
0.169543402115376 0.79802594349063 0.578281616788079
0.0755016298876228 0.464563596912709 0.882315231823546
-0.159764435119152 0.788182317216541 0.59434330155073
0.089129563790342 0.52911622003949 0.843855406186194
0.0423757341727577 0.795240633741771 0.604811236336847
-0.0685779795927682 0.762923599762395 0.642841070281421
-0.0584208479440289 0.759281748533979 0.648134423456033
0.180250599950431 0.683070355540204 0.707760277636213
-0.0164880087713952 0.967214086112099 0.253426630789055
