0.0869876397232799 -0.479919494918752 0.872989363584862
0.0178050622736954 -0.425087104247644 0.904977311074583
0.242827259873752 -0.445991814292998 0.861467482523772
0.0703952027543275 -0.133817291451733 0.988502629201207
-0.103409844748687 -0.522908424564558 0.846092892966525
0.0989615020293987 -0.294550928496758 0.950497959828312
-0.107885474737503 -0.713868981132481 0.691918927416744
0.303544829343433 -0.252570763970504 0.918732031533799
0.0291891517698588 -0.095328284380436 0.995017844873165
0.213876154114331 -0.575498880312021 0.789340249487427
0.0497026508694109 0.175831695075392 0.983164717381309
0.10732664284071 0.0497868196272102 0.992976467157178
0.0678704567376553 -0.162512154794587 0.984369544757578
0.172731986611658 0.146293081965793 0.974044144261511
0.284520911982846 -0.605487206396693 0.743258429844141
0.0920850821032692 0.206758821462459 0.974048832144205
0.0669467801932097 -0.138595021338835 0.988083776145449
0.147580574193377 -0.0741552636316404 0.986266176544889
0.0853395133106022 0.089537328852842 0.992320630748856
0.163094289026109 0.116032492543995 0.979763600855378
