0.0706087041302987 0.454419428044517 0.88798501919612
0.169543402115376 0.79802594349063 0.578281616788079
0.0755016298876228 0.464563596912709 0.882315231823546
-0.159764435119152 0.788182317216541 0.59434330155073
0.089129563790342 0.52911622003949 0.843855406186194
0.0423757341727577 0.795240633741771 0.604811236336847
-0.0685779795927682 0.762923599762395 0.642841070281421
-0.0584208479440289 0.759281748533979 0.648134423456033
0.180250599950431 0.683070355540204 0.707760277636213
-0.0164880087713952 0.967214086112099 0.253426630789055
0.197914776446381 0.773349546067353 0.602295791834541
0.123501643323574 0.624396629214648 0.771282175031786
0.14413197166077 0.653335878247953 0.743221504626417
0.277972539312162 0.556811196875894 0.78274680352077
0.0557131427726832 0.801029034148445 0.596027291467093
0.0776298894483858 0.907179722941506 0.413519709987327
-0.185672675516119 0.595262100208542 0.781785577778205
-0.0106195513679141 0.919248515198578 0.393534486968999
0.123189049353974 0.601950296886763 0.788974206293972
0.0564039377173411 0.698871797628404 0.713019499235204
-0.0718007830570486 0.658085543944295 0.749511884097868
-0.00100044054166429 0.686479111929117 0.727148834836262
-0.209743036402859 0.690757976414005 0.691998032295568
-0.0228614844748279 0.594201779378658 0.803991043427005
-0.0531244630776471 0.800652236649761 0.596769459146869
-0.129403793470869 0.0754435714444943 0.98871781907835
-0.101816470180771 0.640434185627586 0.761234169148665
0.117585858117348 0.703427148888706 0.700973474660142
-0.0279858709814833 0.78317525401306 0.621170920541993
-0.0257387166029842 0.5539094813195 0.832178950089459
