0.0790897682425591 -0.581948105214162 0.809370873825458
-0.133020803500098 -0.656806989403105 0.742233147001276
0.0564048881923096 -0.597709378987807 0.799726194930505
0.00341885206407454 -0.686685085281535 0.72694697544075
0.149520684384467 -0.446778955841749 0.882061295805545
-0.0256562338849472 -0.613453057374957 0.789314325259689
-0.0766450063927571 -0.561600920413085 0.823850683793022
-0.0385069628385334 -0.724707592043544 0.687979737962827
-0.0721136609781349 -0.612940207870028 0.786831571225111
0.0643578980139457 -0.679249452893559 0.73108018828787
0.0869876397232799 -0.479919494918752 0.872989363584862
0.0178050622736954 -0.425087104247644 0.904977311074583
0.242827259873752 -0.445991814292998 0.861467482523772
0.0703952027543275 -0.133817291451733 0.988502629201207
-0.103409844748687 -0.522908424564558 0.846092892966525
0.0989615020293987 -0.294550928496758 0.950497959828312
-0.107885474737503 -0.713868981132481 0.691918927416744
0.303544829343433 -0.252570763970504 0.918732031533799
0.0291891517698588 -0.095328284380436 0.995017844873165
0.213876154114331 -0.575498880312021 0.789340249487427
