-0.112559374883763 0.820545771203553 0.560388280110981
0.159171519521672 0.77107019163946 0.616534822161934
0.0111078177921176 0.735757157359561 0.677154355947059
0.0358932426043965 0.615723787548446 0.787144137107263
0.0307938970482974 0.433015779850391 0.900860183549665
0.203742178708595 0.606301457491088 0.768692179782816
0.00541874915575666 0.51397713154736 0.85778677152538
0.238302880576399 0.825768131347617 0.511193437320604
-0.179188090272304 0.61081806066602 0.771228192604995
-0.197642075244515 0.556976582546057 0.806668889066857
0.00213036625744537 0.741346423935198 0.6711191706829
-0.158400022022091 0.979680935736446 0.123023157080132
0.0396758447369253 0.941218057123718 0.335461467666056
-0.314814872385582 0.828756570464435 0.462659856738055
-0.85239628381291 0.232394624992127 0.468415748685621
-0.0689510329503377 0.907704569827562 0.413905990496926
-0.099492407318694 0.949855573523872 0.29643827406657
0.0359573378157903 0.990249793540385 0.134582377191168
0.0204144549093659 0.983411164139457 0.180237987884441
0.185094261915829 0.829526517518395 0.526902145506772
