0.144149738175606 0.770112413531276 0.621407856008385
0.393827961943649 0.834379794355597 0.38562921979853
-0.30221794223343 0.599995220621736 0.74072265432027
-0.096252210750955 0.973940635390372 0.205365894590491
0.0623886232626954 0.832724673707632 0.550161137745936
-0.105855109408949 0.86242704196807 0.494989184825512
-0.612852666708083 0.356030425169586 0.705445919445534
0.183371575777503 0.500623968098746 0.846020394412535
-0.108337035859719 0.846971110062964 0.52048345351206
-0.513774656945056 -0.447165378132263 0.73217397282396
