0.0497026508694109 0.175831695075392 0.983164717381309
0.10732664284071 0.0497868196272102 0.992976467157178
0.0678704567376553 -0.162512154794587 0.984369544757578
0.172731986611658 0.146293081965793 0.974044144261511
0.284520911982846 -0.605487206396693 0.743258429844141
0.0920850821032692 0.206758821462459 0.974048832144205
0.0669467801932097 -0.138595021338835 0.988083776145449
0.147580574193377 -0.0741552636316404 0.986266176544889
0.0853395133106022 0.089537328852842 0.992320630748856
0.163094289026109 0.116032492543995 0.979763600855378
