-0.127451275001589 0.687974608370356 0.714455814405709
-0.00197667094789469 0.740417653242734 0.672144174666779
-0.0558598975844626 0.822563705282963 0.5659228062139
0.143215304269969 0.603830084917073 0.784141954732624
0.1381299004172 0.786347004543326 0.602144931936219
-0.0189444861019809 0.704790164243979 0.709162838021901
0.169085269537698 0.85107309158251 0.497076215896066
0.0199684812504779 0.599481670265744 0.80013935459515
0.0826027158449771 0.7238836850164 0.68495927025051
0.0284164569602376 0.781500387013274 0.623257290428223
0.201545150903898 0.84372023308989 0.49750951792088
-0.062768311702426 0.917659260212821 0.392379435230346
0.309256185157218 0.703554990094124 0.639821059246773
-0.0962382706044767 0.446389359560948 0.889648658146476
0.142144032934935 0.222355994282731 0.964548021462659
0.250813294087916 0.784149718329651 0.567628320956854
-0.349168484502656 -0.0543386756820235 0.935483125318273
-0.104910027994645 0.622024848306797 0.775937480803105
-0.508775227921401 0.757521198661611 0.409034718614206
-0.253619676715288 0.834801322741292 0.488655104477814
