0.144149738175606 0.770112413531276 0.621407856008385
0.393827961943649 0.834379794355597 0.38562921979853
-0.30221794223343 0.599995220621736 0.74072265432027
-0.096252210750955 0.973940635390372 0.205365894590491
0.0623886232626954 0.832724673707632 0.550161137745936
-0.105855109408949 0.86242704196807 0.494989184825512
-0.612852666708083 0.356030425169586 0.705445919445534
0.183371575777503 0.500623968098746 0.846020394412535
-0.108337035859719 0.846971110062964 0.52048345351206
-0.513774656945056 -0.447165378132263 0.73217397282396
-0.148648453806488 0.9606558333978 0.23461459234182
0.252606846107154 0.960817727319161 0.114101166378962
0.0444156124533973 0.998863016339856 -0.0173184283015382
-0.0549119038623685 0.988296862098542 0.142316531648243
0.331968834709312 0.943208745686728 -0.0124078540372989
0.157475148414948 0.943145191299648 0.29270928540113
0.24543516427338 0.961562236364085 0.123124513142583
-0.10509817034919 0.990856290435496 0.0846060653479455
0.148819837172309 0.98334913370504 -0.104293515165404
0.125835785308269 0.991304984406278 0.0384679480492631
