0.0321391685918849 -0.951921910339384 0.304650210008199
0.0546791092541322 -0.744938242816374 0.664888869963114
0.349735792460956 -0.450859036756951 0.821225306749799
0.287879765834803 -0.863048248969917 0.415057779559496
-0.240080892894566 -0.661200637222339 0.710756556215784
0.0168130812388753 -0.920969113808778 0.389272670129215
-0.150767789070087 -0.752276271220921 0.641365329228876
-0.0345008023060151 -0.622971664205259 0.781483205345816
-0.1942994296512 -0.854337899422743 0.482031622663029
-0.20983937500942 -0.801829318517384 0.559497257063521
-0.0718007830570486 -0.749511884097868 0.658085543944295
-0.00100044054166429 -0.727148834836262 0.686479111929117
-0.209743036402859 -0.691998032295568 0.690757976414005
-0.0228614844748279 -0.803991043427005 0.594201779378658
-0.0531244630776471 -0.596769459146869 0.800652236649762
-0.129403793470869 -0.98871781907835 0.0754435714444943
-0.101816470180771 -0.761234169148665 0.640434185627586
0.117585858117348 -0.700973474660142 0.703427148888706
-0.0279858709814833 -0.621170920541993 0.78317525401306
-0.0257387166029842 -0.832178950089459 0.5539094813195
