0.221305197236486 0.655251664394471 0.722266755419628
-0.711686293903493 0.0223578712422839 0.702141541758799
-0.00244032499093025 0.878409318150077 0.477902829664207
-0.458294500127859 0.875360200838748 0.15398269363829
0.177955444009359 0.579092942148708 0.795602428541407
0.0187837335567963 0.868758625992387 0.494879400579058
-0.239376492211256 0.802418257090161 0.54664781684831
0.0106508431991793 0.789525344890837 0.613625528571091
0.253362155379884 0.198094896263129 0.946871707411178
-0.354554894209692 0.916374415291496 0.185872961968982
0.197914776446381 0.773349546067353 0.602295791834541
0.123501643323574 0.624396629214648 0.771282175031786
0.14413197166077 0.653335878247953 0.743221504626417
0.277972539312162 0.556811196875894 0.78274680352077
0.0557131427726832 0.801029034148445 0.596027291467093
0.0776298894483858 0.907179722941506 0.413519709987327
-0.185672675516119 0.595262100208542 0.781785577778205
-0.0106195513679141 0.919248515198578 0.393534486968999
0.123189049353974 0.601950296886763 0.788974206293972
0.0564039377173411 0.698871797628404 0.713019499235204
