-0.127451275001589 0.962724189342022 -0.238575580804524
-0.00197667094789469 0.952302756888523 -0.305148409785276
-0.0558598975844626 0.901385379403697 -0.429399661899152
0.143215304269969 0.981001895430176 -0.130861215741188
0.1381299004172 0.91464631008848 -0.379924016156208
-0.0189444861019809 0.966548115268825 -0.255784767561743
0.169085269537698 0.856017176374286 -0.488512809839781
0.0199684812504779 0.992681842779957 -0.119096678255686
0.0826027158449771 0.955133971102793 -0.28442202548404
0.0284164569602376 0.930506840111334 -0.365170543006754
0.10508827527017 0.978138309086603 -0.179448886031487
-0.0829953900824465 0.995892934445538 -0.0361804967699273
0.0883729842695728 0.976396805147191 0.197077382136175
0.0328057007265073 0.928956187708563 0.368733219710151
0.402384138669889 0.915468990479557 0.00187947259429758
0.133728891261093 0.919395499466174 0.369903364682484
0.092737758486836 0.959125440724419 0.267353879915791
-0.0514889068561813 0.963805257882968 0.261588068053382
-0.0789692285466036 0.951015923848836 -0.298885552559335
0.144543656145183 0.983433369295858 0.109388937391215
