0.0497026508694109 0.983164717381309 -0.175831695075392
0.10732664284071 0.992976467157178 -0.0497868196272102
0.0678704567376553 0.984369544757578 0.162512154794587
0.172731986611658 0.974044144261511 -0.146293081965793
0.284520911982846 0.743258429844141 0.605487206396693
0.0920850821032692 0.974048832144205 -0.206758821462459
0.0669467801932097 0.988083776145449 0.138595021338835
0.147580574193377 0.986266176544889 0.0741552636316405
0.0853395133106022 0.992320630748856 -0.0895373288528419
0.163094289026109 0.979763600855377 -0.116032492543995
-0.148648453806488 0.9606558333978 0.23461459234182
0.252606846107154 0.960817727319161 0.114101166378962
0.0444156124533973 0.998863016339856 -0.0173184283015382
-0.0549119038623685 0.988296862098542 0.142316531648243
0.331968834709312 0.943208745686728 -0.0124078540372989
0.157475148414948 0.943145191299648 0.29270928540113
0.24543516427338 0.961562236364085 0.123124513142583
-0.10509817034919 0.990856290435496 0.0846060653479455
0.148819837172309 0.98334913370504 -0.104293515165404
0.125835785308269 0.991304984406278 0.0384679480492631
0.10508827527017 0.978138309086603 -0.179448886031487
-0.0829953900824465 0.995892934445538 -0.0361804967699273
0.0883729842695728 0.976396805147191 0.197077382136175
0.0328057007265073 0.928956187708563 0.368733219710151
0.402384138669889 0.915468990479557 0.00187947259429758
0.133728891261093 0.919395499466174 0.369903364682484
0.092737758486836 0.959125440724419 0.267353879915791
-0.0514889068561813 0.963805257882968 0.261588068053382
-0.0789692285466036 0.951015923848836 -0.298885552559335
0.144543656145183 0.983433369295858 0.109388937391215
