1-Time 2-Px 3-Py 4-Pz 5-R11 6-R21 7-R31 8-R12 9-R22 10-R32 11-R13 12-R23 13-R33 14-Vx 15-Vy 16-Vz 17-Wx 18-Wy 19-Wz 20-state 21-PR11 22-PR21 23-PR31 24-PR12 25-PR22 26-PR32 27-PR13 28-PR23 29-PR33 
116.058005 0.006234  0.096436  -0.018338  0.986209  0.106323  -0.126837  0.110091  0.150805  0.982414  0.123581  -0.982829  0.137020  0.000196  -0.000763  0.001168  0.110815  -0.196974  -0.217520  2.000000  
116.059012 0.006235  0.096435  -0.018336  0.986287  0.106124  -0.126396  0.109689  0.150732  0.982470  0.123315  -0.982862  0.137025  0.000294  -0.000875  0.001196  0.107530  -0.203684  -0.216490  2.000000  
116.060259 0.006238  0.096432  -0.018334  0.986399  0.106294  -0.125372  0.108673  0.150504  0.982618  0.123315  -0.982879  0.136906  0.000462  -0.001052  0.001277  0.111882  -0.235768  -0.198391  2.000000  
116.061509 0.006241  0.096429  -0.018331  0.986577  0.106557  -0.123741  0.107049  0.150209  0.982842  0.123315  -0.982895  0.136786  0.000730  -0.001191  0.001470  0.122079  -0.282121  -0.182847  2.000000  
116.062763 0.006245  0.096427  -0.018328  0.986703  0.106580  -0.122711  0.106035  0.150086  0.982970  0.123182  -0.982911  0.136789  0.000943  -0.001313  0.001610  0.121408  -0.307996  -0.170107  2.000000  
116.064011 0.006249  0.096425  -0.018324  0.986806  0.106588  -0.121870  0.105224  0.149864  0.983091  0.123050  -0.982944  0.136672  0.001307  -0.001366  0.001879  0.123958  -0.327718  -0.162817  2.000000  
116.065012 0.006254  0.096424  -0.018320  0.986914  0.106742  -0.120858  0.104208  0.149755  0.983216  0.123050  -0.982944  0.136672  0.001605  -0.001456  0.002046  0.128312  -0.361115  -0.153615  2.000000  
116.066254 0.006260  0.096421  -0.018315  0.987068  0.107119  -0.119257  0.102581  0.149592  0.983412  0.123182  -0.982928  0.136669  0.001985  -0.001559  0.002315  0.130353  -0.406930  -0.133647  2.000000  
116.067256 0.006266  0.096420  -0.018310  0.987178  0.107421  -0.118073  0.101360  0.149593  0.983539  0.123315  -0.982895  0.136786  0.002393  -0.001612  0.002556  0.126514  -0.438994  -0.115503  2.000000  
116.068256 0.006271  0.096419  -0.018306  0.987306  0.107767  -0.116674  0.099936  0.149451  0.983706  0.123448  -0.982879  0.136784  0.002712  -0.001651  0.002734  0.132587  -0.484729  -0.095473  2.000000  
116.069256 0.006277  0.096418  -0.018302  0.987392  0.108038  -0.115693  0.098918  0.149472  0.983806  0.123581  -0.982846  0.136901  0.003064  -0.001641  0.002888  0.127873  -0.510009  -0.078292  2.000000  
116.070257 0.006281  0.096416  -0.018299  0.987497  0.108353  -0.114496  0.097696  0.149352  0.983946  0.123714  -0.982829  0.136899  0.003303  -0.001668  0.002965  0.128118  -0.542147  -0.060200  2.000000  
116.071507 0.006288  0.096413  -0.018296  0.987640  0.108702  -0.112919  0.096068  0.149425  0.984095  0.123846  -0.982780  0.137135  0.003647  -0.001704  0.003019  0.125973  -0.587234  -0.035642  2.000000  
116.072755 0.006295  0.096411  -0.018292  0.987783  0.109227  -0.111146  0.094235  0.149367  0.984281  0.124112  -0.982730  0.137249  0.004116  -0.001699  0.003124  0.123780  -0.634040  -0.010118  2.000000  
116.073765 0.006301  0.096410  -0.018289  0.987902  0.109547  -0.109772  0.092810  0.149461  0.984402  0.124245  -0.982681  0.137486  0.004444  -0.001659  0.003214  0.122676  -0.685312  0.005467  2.000000  
116.074776 0.006307  0.096409  -0.018286  0.987982  0.109967  -0.108619  0.091586  0.149588  0.984497  0.124510  -0.982614  0.137719  0.004752  -0.001614  0.003337  0.114737  -0.716447  0.028078  2.000000  
116.076008 0.006315  0.096408  -0.018280  0.988115  0.110318  -0.107043  0.089957  0.149658  0.984637  0.124643  -0.982564  0.137955  0.005016  -0.001484  0.003470  0.108611  -0.762597  0.048187  2.000000  
116.077010 0.006321  0.096407  -0.018275  0.988209  0.110608  -0.105872  0.088735  0.149772  0.984731  0.124776  -0.982514  0.138191  0.005291  -0.001366  0.003654  0.100724  -0.795328  0.061918  2.000000  
116.078258 0.006330  0.096406  -0.018269  0.988321  0.111066  -0.104340  0.087105  0.150091  0.984828  0.125041  -0.982414  0.138663  0.005579  -0.001329  0.003810  0.086419  -0.840355  0.086570  2.000000  
116.079261 0.006337  0.096404  -0.018264  0.988393  0.111314  -0.103386  0.086086  0.150346  0.984878  0.125174  -0.982347  0.139019  0.005812  -0.001362  0.003926  0.073529  -0.865640  0.103859  2.000000  
116.080509 0.006346  0.096401  -0.018258  0.988499  0.111612  -0.102039  0.084660  0.150675  0.984952  0.125307  -0.982263  0.139493  0.005971  -0.001433  0.003999  0.057450  -0.898065  0.122216  2.000000  
116.081758 0.006354  0.096398  -0.018252  0.988586  0.111892  -0.100882  0.083438  0.150906  0.985021  0.125439  -0.982195  0.139848  0.006099  -0.001518  0.004048  0.045333  -0.929124  0.144877  2.000000  
116.083004 0.006362  0.096393  -0.018248  0.988672  0.112161  -0.099738  0.082215  0.151257  0.985070  0.125572  -0.982111  0.140322  0.006148  -0.001739  0.003915  0.029231  -0.961485  0.163257  2.000000  
116.084007 0.006369  0.096389  -0.018245  0.988723  0.112530  -0.098816  0.081194  0.151641  0.985095  0.125838  -0.982009  0.140794  0.006215  -0.001930  0.003838  0.012311  -0.986026  0.185075  2.000000  
116.085011 0.006375  0.096383  -0.018245  0.988789  0.112782  -0.097862  0.080175  0.151894  0.985140  0.125970  -0.981941  0.141149  0.006356  -0.002217  0.003671  -0.000598  -1.011136  0.202371  2.000000  
116.086259 0.006382  0.096375  -0.018245  0.988854  0.113010  -0.096935  0.079156  0.152386  0.985146  0.126103  -0.981839  0.141742  0.006415  -0.002616  0.003460  -0.022544  -1.030465  0.219053  2.000000  
116.087259 0.006388  0.096368  -0.018244  0.988902  0.113232  -0.096184  0.078340  0.152661  0.985169  0.126236  -0.981770  0.142097  0.006391  -0.002970  0.003280  -0.036301  -1.047986  0.235226  2.000000  
116.088259 0.006393  0.096361  -0.018244  0.988982  0.113343  -0.095225  0.077322  0.153023  0.985193  0.126236  -0.981701  0.142573  0.006361  -0.003302  0.003095  -0.053385  -1.074256  0.248276  2.000000  
116.089504 0.006400  0.096352  -0.018245  0.989044  0.113585  -0.094284  0.076303  0.153394  0.985215  0.126369  -0.981615  0.143047  0.006290  -0.003842  0.002783  -0.071459  -1.077766  0.257220  2.000000  
116.090512 0.006405  0.096344  -0.018248  0.989107  0.113666  -0.093528  0.075489  0.153779  0.985218  0.126369  -0.981546  0.143523  0.006253  -0.004356  0.002303  -0.090068  -1.072793  0.257615  2.000000  
116.091761 0.006412  0.096334  -0.018251  0.989184  0.113768  -0.092583  0.074470  0.154259  0.985220  0.126369  -0.981459  0.144118  0.006155  -0.004892  0.001721  -0.116252  -1.059107  0.255925  2.000000  
116.093009 0.006418  0.096324  -0.018254  0.989260  0.113860  -0.091652  0.073452  0.154859  0.985202  0.126369  -0.981353  0.144833  0.005954  -0.005520  0.001078  -0.140892  -1.058036  0.265285  2.000000  
116.094013 0.006422  0.096316  -0.018257  0.989305  0.113912  -0.091099  0.072841  0.155267  0.985183  0.126369  -0.981283  0.145309  0.005785  -0.005974  0.000538  -0.161226  -1.057640  0.265390  2.000000  
116.095014 0.006427  0.096307  -0.018259  0.989365  0.113996  -0.090343  0.072026  0.155651  0.985183  0.126369  -0.981212  0.145785  0.005578  -0.006447  -0.000052  -0.178369  -1.050636  0.264633  2.000000  
116.096259 0.006432  0.096296  -0.018263  0.989439  0.114091  -0.089412  0.071008  0.156250  0.985162  0.126369  -0.981106  0.146499  0.005385  -0.006913  -0.000628  -0.201309  -1.031002  0.257745  2.000000  
116.097259 0.006435  0.096287  -0.018266  0.989482  0.114144  -0.088858  0.070397  0.156658  0.985141  0.126369  -0.981035  0.146975  0.005174  -0.007328  -0.001195  -0.221022  -1.004493  0.249642  2.000000  
116.098506 0.006440  0.096277  -0.018269  0.989571  0.114100  -0.087922  0.069380  0.157368  0.985100  0.126236  -0.980926  0.147810  0.004988  -0.007620  -0.001493  -0.248357  -0.990638  0.238200  2.000000  
116.099759 0.006444  0.096267  -0.018270  0.989645  0.114025  -0.087188  0.068566  0.158101  0.985039  0.126103  -0.980817  0.148646  0.004733  -0.007874  -0.001705  -0.279207  -0.966089  0.226828  2.000000  
116.100761 0.006448  0.096259  -0.018270  0.989701  0.114092  -0.086459  0.067751  0.158724  0.984996  0.126103  -0.980709  0.149359  0.004557  -0.007992  -0.001726  -0.297039  -0.958611  0.220937  2.000000  
116.102006 0.006451  0.096249  -0.018269  0.989773  0.114019  -0.085725  0.066937  0.159457  0.984933  0.125970  -0.980598  0.150195  0.004308  -0.008111  -0.001670  -0.325543  -0.926810  0.203248  2.000000  
116.103009 0.006455  0.096241  -0.018268  0.989845  0.113957  -0.084977  0.066123  0.160072  0.984888  0.125838  -0.980505  0.150911  0.004196  -0.008100  -0.001620  -0.344264  -0.907728  0.191890  2.000000  
116.104011 0.006458  0.096235  -0.018268  0.989902  0.113864  -0.084431  0.065513  0.160709  0.984825  0.125705  -0.980412  0.151627  0.004014  -0.008074  -0.001556  -0.367737  -0.883270  0.175596  2.000000  
116.105256 0.006462  0.096227  -0.018267  0.989999  0.113851  -0.083305  0.064291  0.161516  0.984774  0.125572  -0.980281  0.152581  0.003851  -0.007943  -0.001333  -0.389028  -0.877329  0.165882  2.000000  
116.106256 0.006465  0.096221  -0.018266  0.990069  0.113783  -0.082570  0.063477  0.162250  0.984706  0.125439  -0.980168  0.153416  0.003693  -0.007822  -0.001137  -0.410942  -0.865028  0.155526  2.000000  
116.107261 0.006467  0.096215  -0.018266  0.990150  0.113759  -0.081619  0.062459  0.162841  0.984673  0.125307  -0.980072  0.154132  0.003555  -0.007651  -0.000929  -0.429011  -0.853503  0.140872  2.000000  
116.108507 0.006472  0.096208  -0.018265  0.990243  0.113742  -0.080506  0.061237  0.163767  0.984597  0.125174  -0.979920  0.155204  0.003468  -0.007428  -0.000644  -0.454521  -0.849058  0.127203  2.000000  
116.109509 0.006476  0.096203  -0.018265  0.990322  0.113702  -0.079582  0.060218  0.164597  0.984521  0.125041  -0.979785  0.156158  0.003412  -0.007162  -0.000394  -0.475706  -0.843387  0.117831  2.000000  
116.110765 0.006481  0.096198  -0.018264  0.990425  0.113713  -0.078281  0.058792  0.165620  0.984436  0.124908  -0.979612  0.157349  0.003390  -0.006794  -0.000061  -0.499186  -0.850455  0.115087  2.000000  
116.112008 0.006487  0.096193  -0.018262  0.990542  0.113606  -0.076944  0.057367  0.166515  0.984369  0.124643  -0.979472  0.158423  0.003446  -0.006394  0.000269  -0.518731  -0.859906  0.099014  2.000000  
116.113258 0.006492  0.096189  -0.018259  0.990640  0.113615  -0.075656  0.055940  0.167657  0.984257  0.124510  -0.979277  0.159733  0.003528  -0.005982  0.000663  -0.547307  -0.861239  0.090913  2.000000  
116.114258 0.006498  0.096186  -0.018257  0.990742  0.113488  -0.074507  0.054718  0.168458  0.984189  0.124245  -0.979154  0.160688  0.003672  -0.005577  0.000889  -0.560449  -0.876243  0.080608  2.000000  
116.115506 0.006504  0.096183  -0.018253  0.990847  0.113537  -0.073017  0.053087  0.169577  0.984086  0.124112  -0.978955  0.161997  0.003839  -0.005164  0.001165  -0.587037  -0.890997  0.074674  2.000000  
116.116511 0.006510  0.096179  -0.018249  0.990945  0.113415  -0.071868  0.051865  0.170378  0.984013  0.123846  -0.978830  0.162953  0.004043  -0.004795  0.001379  -0.603203  -0.907776  0.059276  2.000000  
116.117756 0.006517  0.096176  -0.018244  0.991046  0.113479  -0.070363  0.050234  0.171377  0.983924  0.123714  -0.978648  0.164142  0.004229  -0.004405  0.001625  -0.626304  -0.922454  0.057757  2.000000  
116.118762 0.006523  0.096174  -0.018241  0.991123  0.113485  -0.069249  0.049010  0.172305  0.983824  0.123581  -0.978485  0.165213  0.004421  -0.004111  0.001835  -0.642601  -0.936044  0.052285  2.000000  
116.120008 0.006531  0.096172  -0.018235  0.991236  0.113416  -0.067736  0.047380  0.173418  0.983708  0.123315  -0.978296  0.166524  0.004726  -0.003705  0.002163  -0.668508  -0.957658  0.047522  2.000000  
116.121009 0.006538  0.096170  -0.018230  0.991313  0.113638  -0.066226  0.045747  0.174185  0.983650  0.123315  -0.978134  0.167474  0.004959  -0.003451  0.002494  -0.682043  -0.977705  0.051419  2.000000  
116.122256 0.006546  0.096168  -0.018222  0.991403  0.113707  -0.064736  0.044115  0.175305  0.983525  0.123182  -0.977926  0.168781  0.005256  -0.003127  0.002926  -0.703057  -1.005433  0.052273  2.000000  
116.123257 0.006554  0.096167  -0.018216  0.991482  0.113760  -0.063420  0.042687  0.176209  0.983427  0.123050  -0.977757  0.169852  0.005543  -0.002821  0.003290  -0.716606  -1.026102  0.051956  2.000000  
116.124258 0.006562  0.096166  -0.018209  0.991575  0.113692  -0.062068  0.041259  0.176988  0.983348  0.122784  -0.977624  0.170806  0.005813  -0.002589  0.003689  -0.732410  -1.056474  0.047617  2.000000  
116.125272 0.006571  0.096165  -0.018203  0.991642  0.113714  -0.060954  0.040035  0.177916  0.983231  0.122651  -0.977453  0.171876  0.006188  -0.002297  0.004109  -0.750786  -1.070218  0.046191  2.000000  
116.126508 0.006583  0.096164  -0.018196  0.991747  0.113703  -0.059238  0.038199  0.179006  0.983106  0.122386  -0.977256  0.173186  0.006589  -0.002083  0.004469  -0.765037  -1.096856  0.043547  2.000000  
116.127761 0.006595  0.096162  -0.018189  0.991849  0.113696  -0.057522  0.036363  0.180098  0.982976  0.122120  -0.977056  0.174495  0.006991  -0.001866  0.004784  -0.784471  -1.133768  0.045140  2.000000  
116.129008 0.006607  0.096161  -0.018182  0.991956  0.113526  -0.055984  0.034731  0.181208  0.982831  0.121722  -0.976870  0.175807  0.007403  -0.001688  0.005021  -0.797637  -1.162311  0.041997  2.000000  
116.130011 0.006618  0.096160  -0.018178  0.992022  0.113597  -0.054669  0.033302  0.182113  0.982714  0.121589  -0.976694  0.176877  0.007789  -0.001575  0.005144  -0.807258  -1.183178  0.041998  2.000000  
116.131012 0.006628  0.096158  -0.018174  0.992101  0.113546  -0.053315  0.031873  0.182894  0.982616  0.121323  -0.976554  0.177830  0.008121  -0.001478  0.005190  -0.812273  -1.211080  0.043109  2.000000  
116.132258 0.006643  0.096156  -0.018169  0.992185  0.113517  -0.051801  0.030240  0.184010  0.982459  0.121058  -0.976347  0.179139  0.008587  -0.001414  0.005163  -0.826309  -1.232206  0.043428  2.000000  
116.133506 0.006657  0.096154  -0.018163  0.992266  0.113492  -0.050286  0.028607  0.185126  0.982298  0.120792  -0.976139  0.180447  0.009099  -0.001369  0.005231  -0.835692  -1.257172  0.041235  2.000000  
116.134771 0.006672  0.096151  -0.018159  0.992349  0.113515  -0.048555  0.026769  0.186100  0.982166  0.120526  -0.975952  0.181637  0.009553  -0.001445  0.005099  -0.844130  -1.287370  0.046493  2.000000  
116.136006 0.006688  0.096147  -0.018155  0.992424  0.113503  -0.047027  0.025136  0.187097  0.982020  0.120261  -0.975762  0.182827  0.010018  -0.001556  0.004964  -0.847123  -1.302199  0.045898  2.000000  
116.137007 0.006700  0.096142  -0.018152  0.992491  0.113467  -0.045673  0.023706  0.187880  0.981906  0.119995  -0.975616  0.183779  0.010374  -0.001766  0.004732  -0.850138  -1.312574  0.045635  2.000000  
116.138009 0.006714  0.096138  -0.018149  0.992552  0.113395  -0.044521  0.022481  0.188687  0.981780  0.119729  -0.975469  0.184732  0.010810  -0.001971  0.004505  -0.852328  -1.330672  0.044118  2.000000  
116.139254 0.006730  0.096132  -0.018146  0.992615  0.113354  -0.043194  0.021051  0.189708  0.981615  0.119464  -0.975275  0.185921  0.011199  -0.002280  0.004218  -0.856223  -1.334206  0.043085  2.000000  
116.140263 0.006744  0.096127  -0.018143  0.992673  0.113286  -0.042042  0.019826  0.190515  0.981484  0.119198  -0.975126  0.186873  0.011540  -0.002563  0.004022  -0.855992  -1.338814  0.039283  2.000000  
116.141508 0.006762  0.096119  -0.018140  0.992748  0.113125  -0.040676  0.018396  0.191416  0.981337  0.118800  -0.974968  0.187947  0.011950  -0.002965  0.003750  -0.852590  -1.336194  0.032745  2.000000  
116.142509 0.006776  0.096113  -0.018138  0.992798  0.113027  -0.039711  0.017375  0.192128  0.981216  0.118534  -0.974839  0.188781  0.012326  -0.003373  0.003453  -0.849492  -1.333788  0.032005  2.000000  
116.143512 0.006791  0.096106  -0.018136  0.992835  0.113097  -0.038584  0.016149  0.192938  0.981078  0.118401  -0.974671  0.189730  0.012624  -0.003762  0.003228  -0.850317  -1.334796  0.033329  2.000000  
116.144772 0.006810  0.096097  -0.018134  0.992901  0.112908  -0.037405  0.014923  0.193745  0.980938  0.118002  -0.974533  0.190684  0.013028  -0.004245  0.002949  -0.839058  -1.324508  0.025625  2.000000  
116.146012 0.006830  0.096088  -0.018132  0.992953  0.112887  -0.036064  0.013493  0.194649  0.980780  0.117737  -0.974355  0.191754  0.013436  -0.004732  0.002711  -0.836410  -1.314842  0.023858  2.000000  
116.147258 0.006849  0.096078  -0.018131  0.993016  0.112698  -0.034898  0.012267  0.195575  0.980612  0.117338  -0.974192  0.192827  0.013810  -0.005245  0.002452  -0.834202  -1.305168  0.020635  2.000000  
116.148259 0.006865  0.096071  -0.018131  0.993060  0.112614  -0.033919  0.011245  0.196170  0.980505  0.117072  -0.974082  0.193542  0.014113  -0.005638  0.002229  -0.823397  -1.296379  0.014021  2.000000  
116.149504 0.006886  0.096061  -0.018130  0.993104  0.112560  -0.032779  0.010018  0.197098  0.980333  0.116807  -0.973901  0.194611  0.014468  -0.006034  0.001999  -0.821095  -1.286815  0.010854  2.000000  
116.150507 0.006903  0.096052  -0.018130  0.993145  0.112479  -0.031800  0.008996  0.197693  0.980223  0.116541  -0.973789  0.195326  0.014757  -0.006420  0.001817  -0.811104  -1.271309  0.002846  2.000000  
116.151755 0.006924  0.096040  -0.018129  0.993202  0.112302  -0.030620  0.007770  0.198502  0.980070  0.116142  -0.973645  0.196280  0.015128  -0.006854  0.001604  -0.801519  -1.255790  -0.005890  2.000000  
116.152759 0.006941  0.096031  -0.018128  0.993239  0.112180  -0.029855  0.006952  0.199240  0.979926  0.115876  -0.973509  0.197113  0.015412  -0.007231  0.001439  -0.799467  -1.243411  -0.011642  2.000000  
116.154010 0.006962  0.096018  -0.018127  0.993278  0.112138  -0.028701  0.005726  0.200051  0.979769  0.115611  -0.973347  0.198064  0.015721  -0.007671  0.001271  -0.789926  -1.224014  -0.018381  2.000000  
116.155256 0.006984  0.096006  -0.018127  0.993315  0.112097  -0.027547  0.004499  0.200862  0.979609  0.115345  -0.973185  0.199015  0.015969  -0.008070  0.001087  -0.780117  -1.211248  -0.019519  2.000000  
116.156512 0.007006  0.095992  -0.018125  0.993366  0.111929  -0.026365  0.003272  0.201672  0.979448  0.114946  -0.973037  0.199968  0.016290  -0.008536  0.000938  -0.770354  -1.186950  -0.024566  2.000000  
116.157761 0.007029  0.095978  -0.018124  0.993400  0.111855  -0.025399  0.002250  0.202388  0.979303  0.114680  -0.972897  0.200800  0.016639  -0.008901  0.000879  -0.757784  -1.164687  -0.030172  2.000000  
116.158767 0.007048  0.095967  -0.018122  0.993417  0.111873  -0.024647  0.001432  0.203008  0.979176  0.114547  -0.972765  0.201512  0.016879  -0.009188  0.000881  -0.747103  -1.145467  -0.025592  2.000000  
116.160010 0.007073  0.095953  -0.018119  0.993448  0.111844  -0.023478  0.000205  0.203701  0.979033  0.114281  -0.972624  0.202344  0.017368  -0.009542  0.000978  -0.734093  -1.130545  -0.029960  2.000000  
116.161012 0.007093  0.095942  -0.018116  0.993479  0.111777  -0.022498  -0.000818  0.204299  0.978908  0.114016  -0.972506  0.203058  0.017591  -0.009762  0.001100  -0.722444  -1.119602  -0.032980  2.000000  
116.162258 0.007120  0.095927  -0.018112  0.993492  0.111878  -0.021370  -0.002045  0.205110  0.978737  0.113883  -0.972323  0.204004  0.018041  -0.010075  0.001295  -0.712912  -1.098627  -0.031256  2.000000  
116.163259 0.007142  0.095915  -0.018108  0.993505  0.111947  -0.020403  -0.003068  0.205589  0.978634  0.113750  -0.972214  0.204597  0.018432  -0.010367  0.001493  -0.701748  -1.091121  -0.027307  2.000000  
116.164508 0.007169  0.095900  -0.018103  0.993515  0.112054  -0.019262  -0.004295  0.206282  0.978483  0.113617  -0.972055  0.205426  0.018920  -0.010750  0.001833  -0.692517  -1.070619  -0.025798  2.000000  
116.165755 0.007198  0.095883  -0.018098  0.993523  0.112209  -0.017906  -0.005727  0.206833  0.978359  0.113484  -0.971920  0.206136  0.019381  -0.011086  0.002097  -0.678723  -1.060646  -0.020298  2.000000  
116.166765 0.007221  0.095870  -0.018093  0.993517  0.112411  -0.016967  -0.006750  0.207311  0.978252  0.113484  -0.971795  0.206726  0.019836  -0.011399  0.002422  -0.666283  -1.047099  -0.014719  2.000000  
116.168004 0.007250  0.095853  -0.018087  0.993506  0.112698  -0.015639  -0.008182  0.207861  0.978124  0.113484  -0.971644  0.207433  0.020362  -0.011718  0.002732  -0.652268  -1.043777  -0.003627  2.000000  
116.169005 0.007274  0.095839  -0.018082  0.993495  0.112948  -0.014486  -0.009409  0.208196  0.978042  0.113484  -0.971544  0.207904  0.020770  -0.011987  0.003027  -0.636159  -1.041908  0.005879  2.000000  
116.170006 0.007298  0.095825  -0.018077  0.993485  0.113154  -0.013548  -0.010431  0.208673  0.977930  0.113484  -0.971417  0.208494  0.021288  -0.012217  0.003359  -0.624200  -1.040200  0.015446  2.000000  
116.171010 0.007323  0.095810  -0.018072  0.993474  0.113363  -0.012596  -0.011454  0.209031  0.977842  0.113484  -0.971316  0.208965  0.021783  -0.012533  0.003660  -0.612961  -1.031669  0.023522  2.000000  
116.172012 0.007348  0.095795  -0.018066  0.993461  0.113572  -0.011645  -0.012477  0.209388  0.977753  0.113484  -0.971215  0.209436  0.022243  -0.012806  0.003990  -0.597732  -1.023218  0.031650  2.000000  
116.173278 0.007380  0.095776  -0.018058  0.993442  0.113868  -0.010305  -0.013908  0.209817  0.977642  0.113484  -0.971087  0.210025  0.022775  -0.013124  0.004396  -0.578888  -1.022649  0.040323  2.000000  
116.174509 0.007412  0.095757  -0.018049  0.993406  0.114294  -0.008993  -0.015340  0.210244  0.977529  0.113617  -0.970945  0.210611  0.023307  -0.013429  0.004748  -0.566563  -1.026752  0.060188  2.000000  
116.175514 0.007439  0.095742  -0.018042  0.993387  0.114550  -0.007841  -0.016567  0.210577  0.977437  0.113617  -0.970843  0.211082  0.023737  -0.013733  0.005042  -0.550094  -1.024357  0.069713  2.000000  
116.176763 0.007473  0.095723  -0.018033  0.993350  0.114936  -0.006732  -0.017794  0.211026  0.977319  0.113750  -0.970700  0.211667  0.024246  -0.014028  0.005372  -0.536870  -1.020056  0.084385  2.000000  
116.178009 0.007507  0.095704  -0.018024  0.993308  0.115367  -0.005408  -0.019225  0.211331  0.977225  0.113883  -0.970582  0.212135  0.024715  -0.014263  0.005690  -0.519872  -1.023753  0.099603  2.000000  
116.179012 0.007534  0.095688  -0.018016  0.993268  0.115757  -0.004271  -0.020451  0.211542  0.977155  0.114016  -0.970490  0.212485  0.025102  -0.014557  0.006002  -0.503866  -1.028360  0.118710  2.000000  
116.180258 0.007568  0.095669  -0.018006  0.993212  0.116275  -0.003191  -0.021678  0.211985  0.977032  0.114281  -0.970331  0.213067  0.025498  -0.014793  0.006293  -0.491721  -1.024741  0.137145  2.000000  
116.181260 0.007596  0.095652  -0.017998  0.993174  0.116623  -0.002257  -0.022700  0.212218  0.976959  0.114414  -0.970238  0.213417  0.025822  -0.014980  0.006576  -0.475432  -1.021773  0.150952  2.000000  
116.182506 0.007630  0.095631  -0.017987  0.993109  0.117187  -0.000963  -0.024130  0.212517  0.976859  0.114680  -0.970105  0.213881  0.026140  -0.015234  0.006838  -0.457707  -1.030710  0.176579  2.000000  
116.183507 0.007657  0.095614  -0.017979  0.993053  0.117666  -0.000072  -0.025152  0.212864  0.976758  0.114946  -0.969971  0.214345  0.026385  -0.015464  0.007093  -0.453007  -1.025867  0.190094  2.000000  
116.184769 0.007691  0.095592  -0.017968  0.992991  0.118188  0.001035  -0.026377  0.213067  0.976681  0.115212  -0.969863  0.214691  0.026598  -0.015751  0.007360  -0.428839  -1.021147  0.212664  2.000000  
116.186006 0.007725  0.095570  -0.017958  0.992921  0.118756  0.002327  -0.027808  0.213363  0.976577  0.115478  -0.969728  0.215155  0.026793  -0.016019  0.007611  -0.411839  -1.023845  0.232257  2.000000  
116.187259 0.007759  0.095547  -0.017947  0.992855  0.119280  0.003418  -0.029033  0.213683  0.976472  0.115743  -0.969594  0.215619  0.026988  -0.016320  0.007800  -0.394928  -1.026740  0.251907  2.000000  
116.188509 0.007792  0.095523  -0.017938  0.992772  0.119935  0.004494  -0.030258  0.213878  0.976392  0.116142  -0.969470  0.215961  0.027058  -0.016607  0.007926  -0.377846  -1.028436  0.275730  2.000000  
116.189509 0.007819  0.095505  -0.017930  0.992715  0.120371  0.005211  -0.031075  0.214008  0.976337  0.116408  -0.969387  0.216190  0.027144  -0.016876  0.008019  -0.366441  -1.018837  0.287811  2.000000  
116.190511 0.007846  0.095486  -0.017923  0.992652  0.120853  0.006114  -0.032095  0.214231  0.976256  0.116674  -0.969278  0.216536  0.027148  -0.017093  0.007973  -0.349949  -1.016728  0.307059  2.000000  
116.191761 0.007879  0.095461  -0.017915  0.992564  0.121508  0.007204  -0.033320  0.214306  0.976198  0.117072  -0.969179  0.216761  0.027067  -0.017476  0.007894  -0.325373  -1.011642  0.329609  2.000000  
116.192761 0.007905  0.095441  -0.017908  0.992505  0.121946  0.007920  -0.034136  0.214433  0.976142  0.117338  -0.969096  0.216989  0.026999  -0.017808  0.007803  -0.314628  -1.000635  0.340431  2.000000  
116.193763 0.007932  0.095421  -0.017902  0.992438  0.122428  0.008837  -0.035157  0.214535  0.976083  0.117604  -0.969013  0.217217  0.026965  -0.018119  0.007674  -0.301567  -0.998877  0.355361  2.000000  
116.194775 0.007958  0.095401  -0.017897  0.992362  0.122995  0.009524  -0.035972  0.214657  0.976027  0.118002  -0.968914  0.217442  0.026811  -0.018419  0.007533  -0.285744  -0.988719  0.367418  2.000000  
116.196009 0.007990  0.095375  -0.017889  0.992285  0.123522  0.010641  -0.037197  0.214732  0.975964  0.118268  -0.968830  0.217670  0.026729  -0.018793  0.007415  -0.270273  -0.979293  0.379740  2.000000  
116.197013 0.008015  0.095353  -0.017883  0.992206  0.124090  0.011328  -0.038012  0.214852  0.975907  0.118667  -0.968731  0.217895  0.026565  -0.019126  0.007209  -0.258637  -0.969502  0.391855  2.000000  
116.198259 0.008047  0.095327  -0.017874  0.992119  0.124701  0.012230  -0.039032  0.214827  0.975872  0.119065  -0.968658  0.218002  0.026457  -0.019475  0.007128  -0.245114  -0.952407  0.400756  2.000000  
116.199301 0.008072  0.095305  -0.017868  0.992039  0.125270  0.012916  -0.039847  0.214946  0.975813  0.119464  -0.968559  0.218226  0.026215  -0.019686  0.006940  -0.231799  -0.941969  0.413986  2.000000  
116.200513 0.008103  0.095277  -0.017860  0.991949  0.125881  0.013817  -0.040866  0.214919  0.975776  0.119862  -0.968485  0.218333  0.026087  -0.020125  0.006747  -0.217267  -0.926949  0.425196  2.000000  
116.201759 0.008134  0.095250  -0.017852  0.991851  0.126578  0.014489  -0.041680  0.214912  0.975744  0.120394  -0.968396  0.218436  0.025902  -0.020477  0.006593  -0.202307  -0.909454  0.440130  2.000000  
116.203007 0.008165  0.095221  -0.017844  0.991743  0.127319  0.015361  -0.042698  0.214878  0.975707  0.120925  -0.968307  0.218540  0.025701  -0.020806  0.006470  -0.187469  -0.892493  0.455328  2.000000  
116.204009 0.008189  0.095199  -0.017836  0.991668  0.127840  0.015876  -0.043309  0.214782  0.975701  0.121323  -0.968259  0.218529  0.025572  -0.021039  0.006442  -0.174217  -0.875849  0.458665  2.000000  
116.205255 0.008220  0.095171  -0.017828  0.991583  0.128407  0.016576  -0.044123  0.214778  0.975666  0.121722  -0.968185  0.218636  0.025441  -0.021296  0.006428  -0.160396  -0.853445  0.467973  2.000000  
116.206259 0.008245  0.095148  -0.017821  0.991516  0.128885  0.016874  -0.044529  0.214826  0.975637  0.122120  -0.968111  0.218742  0.025281  -0.021548  0.006449  -0.150303  -0.830624  0.472089  2.000000  
116.207262 0.008270  0.095126  -0.017813  0.991439  0.129406  0.017389  -0.045139  0.214728  0.975630  0.122519  -0.968063  0.218731  0.025184  -0.021720  0.006578  -0.138264  -0.808558  0.479004  2.000000  
116.208509 0.008301  0.095098  -0.017803  0.991336  0.130100  0.018076  -0.045953  0.214598  0.975621  0.123050  -0.967999  0.218717  0.025076  -0.021911  0.006719  -0.120107  -0.785743  0.488192  2.000000  
116.209511 0.008326  0.095075  -0.017795  0.991268  0.130577  0.018390  -0.046358  0.214526  0.975617  0.123448  -0.967951  0.218706  0.025021  -0.022121  0.006893  -0.110062  -0.763240  0.492436  2.000000  
116.210773 0.008358  0.095047  -0.017784  0.991180  0.131142  0.019106  -0.047172  0.214400  0.975606  0.123846  -0.967902  0.218695  0.024942  -0.022227  0.007100  -0.095914  -0.741769  0.492372  2.000000  
116.212009 0.008390  0.095018  -0.017772  0.991084  0.131791  0.019591  -0.047781  0.214294  0.975600  0.124377  -0.967837  0.218680  0.024985  -0.022347  0.007368  -0.080335  -0.719445  0.498679  2.000000  
116.213010 0.008416  0.094996  -0.017763  0.991031  0.132138  0.019934  -0.048188  0.214227  0.975595  0.124643  -0.967805  0.218673  0.024990  -0.022430  0.007559  -0.068635  -0.691899  0.495610  2.000000  
116.214012 0.008442  0.094973  -0.017754  0.990951  0.132659  0.020449  -0.048797  0.214126  0.975586  0.125041  -0.967756  0.218662  0.025109  -0.022583  0.007762  -0.057784  -0.677170  0.496962  2.000000  
116.215256 0.008474  0.094945  -0.017741  0.990880  0.133132  0.020779  -0.049203  0.213934  0.975608  0.125439  -0.967733  0.218534  0.025127  -0.022563  0.007994  -0.040482  -0.649324  0.495519  2.000000  
116.216504 0.008507  0.094917  -0.017728  0.990783  0.133782  0.021265  -0.049811  0.213826  0.975601  0.125970  -0.967668  0.218519  0.025243  -0.022577  0.008352  -0.029384  -0.628641  0.497300  2.000000  
116.217761 0.008540  0.094889  -0.017714  0.990701  0.134299  0.021796  -0.050421  0.213605  0.975618  0.126369  -0.967645  0.218390  0.025433  -0.022541  0.008776  -0.012305  -0.606848  0.495466  2.000000  
116.219006 0.008573  0.094861  -0.017700  0.990602  0.134945  0.022299  -0.051029  0.213377  0.975636  0.126899  -0.967605  0.218258  0.025552  -0.022508  0.009125  -0.001465  -0.586589  0.497176  2.000000  
116.220007 0.008599  0.094839  -0.017687  0.990530  0.135421  0.022613  -0.051434  0.213301  0.975632  0.127298  -0.967556  0.218247  0.025698  -0.022469  0.009572  0.004340  -0.565786  0.497296  2.000000  
116.221008 0.008627  0.094817  -0.017674  0.990458  0.135894  0.022944  -0.051840  0.213107  0.975653  0.127696  -0.967532  0.218118  0.025874  -0.022418  0.009976  0.019057  -0.551307  0.498619  2.000000  
116.222009 0.008654  0.094796  -0.017660  0.990385  0.136367  0.023274  -0.052245  0.212912  0.975674  0.128094  -0.967508  0.217989  0.026057  -0.022369  0.010357  0.028876  -0.530261  0.498453  2.000000  
116.223276 0.008689  0.094769  -0.017642  0.990301  0.136886  0.023790  -0.052854  0.212807  0.975664  0.128492  -0.967458  0.217978  0.026280  -0.022250  0.010927  0.038218  -0.508486  0.492042  2.000000  
116.224509 0.008723  0.094743  -0.017624  0.990199  0.137531  0.024292  -0.053461  0.212576  0.975681  0.129023  -0.967417  0.217846  0.026469  -0.022154  0.011428  0.049071  -0.494586  0.493982  2.000000  
116.225509 0.008751  0.094722  -0.017608  0.990126  0.138004  0.024624  -0.053866  0.212380  0.975701  0.129421  -0.967393  0.217717  0.026660  -0.022029  0.011922  0.059223  -0.474911  0.495346  2.000000  
116.226773 0.008786  0.094696  -0.017590  0.990051  0.138476  0.024955  -0.054271  0.212184  0.975722  0.129819  -0.967369  0.217588  0.026815  -0.021833  0.012369  0.068758  -0.452863  0.488937  2.000000  
116.227847 0.008814  0.094676  -0.017574  0.989977  0.138948  0.025286  -0.054676  0.211987  0.975742  0.130217  -0.967344  0.217459  0.026844  -0.021567  0.012744  0.075207  -0.438290  0.484643  2.000000  
116.229013 0.008849  0.094650  -0.017554  0.989873  0.139592  0.025790  -0.055283  0.211754  0.975758  0.130747  -0.967303  0.217327  0.027174  -0.021501  0.013314  0.086294  -0.425705  0.488115  2.000000  
116.230262 0.008884  0.094626  -0.017535  0.989769  0.140237  0.026293  -0.055891  0.211520  0.975774  0.131278  -0.967260  0.217194  0.027377  -0.021246  0.013822  0.092849  -0.410767  0.488882  2.000000  
116.231509 0.008920  0.094601  -0.017514  0.989675  0.140834  0.026613  -0.056294  0.211196  0.975821  0.131808  -0.967244  0.216944  0.027559  -0.021044  0.014320  0.103572  -0.399709  0.487617  2.000000  
116.232760 0.008955  0.094576  -0.017494  0.989599  0.141305  0.026945  -0.056699  0.210998  0.975841  0.132206  -0.967219  0.216815  0.027705  -0.020820  0.014665  0.109349  -0.378177  0.476853  2.000000  
116.234010 0.008991  0.094553  -0.017474  0.989493  0.141946  0.027466  -0.057306  0.210644  0.975882  0.132737  -0.967202  0.216565  0.027870  -0.020555  0.015093  0.120963  -0.371506  0.475353  2.000000  
116.235254 0.009026  0.094528  -0.017454  0.989416  0.142413  0.027816  -0.057710  0.210326  0.975926  0.133135  -0.967203  0.216319  0.028004  -0.020357  0.015328  0.127324  -0.360839  0.474215  2.000000  
116.236259 0.009055  0.094509  -0.017438  0.989339  0.142884  0.028148  -0.058114  0.210126  0.975946  0.133532  -0.967177  0.216190  0.028074  -0.020169  0.015513  0.135593  -0.360814  0.474206  2.000000  
116.237509 0.009091  0.094485  -0.017418  0.989261  0.143351  0.028498  -0.058519  0.209808  0.975990  0.133930  -0.967177  0.215943  0.028163  -0.019996  0.015667  0.142136  -0.348550  0.466835  2.000000  
116.238757 0.009126  0.094460  -0.017398  0.989166  0.143947  0.028820  -0.058922  0.209481  0.976036  0.134461  -0.967159  0.215693  0.028217  -0.019891  0.015754  0.149613  -0.342024  0.465415  2.000000  
116.239759 0.009154  0.094440  -0.017382  0.989105  0.144288  0.029181  -0.059327  0.209288  0.976053  0.134726  -0.967150  0.215568  0.028316  -0.019819  0.015870  0.153259  -0.332392  0.461758  2.000000  
116.240764 0.009183  0.094421  -0.017367  0.989027  0.144755  0.029532  -0.059731  0.208968  0.976097  0.135123  -0.967150  0.215321  0.028350  -0.019688  0.015859  0.160254  -0.328777  0.462348  2.000000  
116.242012 0.009219  0.094396  -0.017346  0.988948  0.145221  0.029883  -0.060135  0.208648  0.976140  0.135521  -0.967149  0.215075  0.028409  -0.019641  0.015954  0.169021  -0.325787  0.460198  2.000000  
116.243258 0.009255  0.094371  -0.017327  0.988850  0.145816  0.030205  -0.060537  0.208320  0.976185  0.136051  -0.967130  0.214825  0.028478  -0.019630  0.015962  0.176513  -0.319150  0.458697  2.000000  
116.244259 0.009284  0.094351  -0.017311  0.988783  0.146239  0.030356  -0.060738  0.208029  0.976235  0.136449  -0.967129  0.214578  0.028538  -0.019595  0.015967  0.182958  -0.304751  0.459951  2.000000  
116.245508 0.009321  0.094327  -0.017291  0.988685  0.146834  0.030679  -0.061140  0.207700  0.976280  0.136979  -0.967109  0.214328  0.028627  -0.019576  0.015992  0.185681  -0.301330  0.460459  2.000000  
116.246765 0.009358  0.094302  -0.017271  0.988605  0.147296  0.031048  -0.061544  0.207260  0.976348  0.137377  -0.967133  0.213964  0.028696  -0.019600  0.015915  0.198684  -0.298113  0.458235  2.000000  
116.248009 0.009394  0.094277  -0.017253  0.988519  0.147844  0.031189  -0.061743  0.206843  0.976424  0.137907  -0.967139  0.213596  0.028782  -0.019680  0.015800  0.205274  -0.284893  0.455298  2.000000  
116.249256 0.009430  0.094251  -0.017235  0.988438  0.148309  0.031541  -0.062146  0.206520  0.976467  0.138304  -0.967137  0.213350  0.028835  -0.019800  0.015676  0.207733  -0.281615  0.455805  2.000000  
116.250257 0.009460  0.094231  -0.017220  0.988388  0.148602  0.031721  -0.062348  0.206237  0.976514  0.138569  -0.967152  0.213107  0.028885  -0.019881  0.015576  0.211857  -0.272602  0.447796  2.000000  
116.251504 0.009496  0.094204  -0.017203  0.988301  0.149149  0.031863  -0.062546  0.205818  0.976589  0.139099  -0.967157  0.212739  0.028956  -0.020006  0.015422  0.221484  -0.262794  0.446906  2.000000  
116.252509 0.009525  0.094183  -0.017189  0.988251  0.149442  0.032043  -0.062747  0.205534  0.976636  0.139364  -0.967173  0.212496  0.028975  -0.020112  0.015250  0.225733  -0.253653  0.438889  2.000000  
116.253755 0.009561  0.094157  -0.017172  0.988164  0.149989  0.032186  -0.062946  0.205115  0.976712  0.139894  -0.967177  0.212128  0.029045  -0.020235  0.015102  0.231217  -0.244061  0.438123  2.000000  
116.254771 0.009591  0.094135  -0.017158  0.988113  0.150282  0.032366  -0.063147  0.204831  0.976758  0.140159  -0.967192  0.211886  0.029079  -0.020367  0.014891  0.234423  -0.238426  0.432199  2.000000  
116.256009 0.009627  0.094108  -0.017141  0.988044  0.150700  0.032538  -0.063347  0.204419  0.976832  0.140557  -0.967214  0.211522  0.029114  -0.020508  0.014694  0.242785  -0.228055  0.428324  2.000000  
116.257012 0.009657  0.094087  -0.017128  0.987988  0.151079  0.032489  -0.063343  0.204158  0.976887  0.140954  -0.967210  0.211275  0.029202  -0.020600  0.014534  0.245084  -0.214703  0.425260  2.000000  
116.258258 0.009694  0.094060  -0.017111  0.987918  0.151497  0.032661  -0.063543  0.203746  0.976959  0.141352  -0.967231  0.210911  0.029260  -0.020712  0.014394  0.254428  -0.206395  0.420323  2.000000  
116.259259 0.009724  0.094038  -0.017098  0.987848  0.151918  0.032815  -0.063743  0.203453  0.977008  0.141749  -0.967227  0.210664  0.029327  -0.020872  0.014185  0.254740  -0.194783  0.420744  2.000000  
116.260516 0.009762  0.094012  -0.017081  0.987778  0.152335  0.032987  -0.063943  0.203041  0.977080  0.142146  -0.967248  0.210300  0.029376  -0.020992  0.014003  0.262031  -0.189110  0.414748  2.000000  
116.261763 0.009799  0.093985  -0.017064  0.987708  0.152753  0.033159  -0.064142  0.202629  0.977153  0.142544  -0.967268  0.209936  0.029429  -0.021159  0.013826  0.268428  -0.176789  0.407378  2.000000  
116.262765 0.009829  0.093963  -0.017050  0.987638  0.153170  0.033332  -0.064342  0.202217  0.977225  0.142941  -0.967289  0.209572  0.029489  -0.021280  0.013695  0.271622  -0.170184  0.405795  2.000000  
116.264013 0.009867  0.093936  -0.017033  0.987567  0.153586  0.033505  -0.064541  0.201804  0.977297  0.143338  -0.967309  0.209208  0.029584  -0.021343  0.013636  0.278984  -0.163615  0.404371  2.000000  
116.265256 0.009905  0.093908  -0.017016  0.987496  0.154003  0.033679  -0.064741  0.201391  0.977369  0.143735  -0.967329  0.208844  0.029660  -0.021505  0.013574  0.281301  -0.151323  0.397041  2.000000  
116.266509 0.009942  0.093880  -0.016999  0.987425  0.154420  0.033852  -0.064940  0.200979  0.977441  0.144133  -0.967348  0.208479  0.029741  -0.021612  0.013588  0.283090  -0.150168  0.393682  2.000000  
116.267764 0.009979  0.093852  -0.016982  0.987354  0.154836  0.034027  -0.065140  0.200566  0.977512  0.144530  -0.967367  0.208115  0.029785  -0.021714  0.013547  0.287626  -0.139061  0.389476  2.000000  
116.269004 0.010017  0.093824  -0.016964  0.987263  0.155382  0.034173  -0.065338  0.200144  0.977585  0.145059  -0.967367  0.207747  0.029846  -0.021873  0.013570  0.292586  -0.129506  0.393648  2.000000  
116.270006 0.010046  0.093801  -0.016951  0.987211  0.155673  0.034357  -0.065539  0.199857  0.977631  0.145324  -0.967379  0.207504  0.029895  -0.021920  0.013555  0.291670  -0.123895  0.387772  2.000000  
116.271259 0.010084  0.093774  -0.016934  0.987126  0.156130  0.034733  -0.065941  0.199412  0.977695  0.145721  -0.967398  0.207140  0.029947  -0.021986  0.013573  0.298269  -0.125990  0.386563  2.000000  
116.272504 0.010122  0.093746  -0.016917  0.987054  0.156546  0.034908  -0.066141  0.198998  0.977765  0.146118  -0.967416  0.206776  0.029990  -0.022057  0.013567  0.298994  -0.118428  0.381922  2.000000  
116.273509 0.010151  0.093723  -0.016904  0.986968  0.157002  0.035285  -0.066543  0.198551  0.977829  0.146515  -0.967434  0.206411  0.029993  -0.022079  0.013580  0.304068  -0.125164  0.383305  2.000000  
116.274784 0.010189  0.093696  -0.016887  0.986881  0.157458  0.035662  -0.066945  0.198105  0.977892  0.146912  -0.967451  0.206047  0.029951  -0.022103  0.013559  0.305471  -0.120498  0.380294  2.000000  
116.276008 0.010227  0.093669  -0.016870  0.986795  0.157914  0.036040  -0.067348  0.197657  0.977955  0.147309  -0.967468  0.205683  0.030037  -0.022157  0.013584  0.312312  -0.126309  0.378839  2.000000  
116.277009 0.010257  0.093646  -0.016857  0.986722  0.158334  0.036197  -0.067547  0.197361  0.978001  0.147706  -0.967460  0.205436  0.029994  -0.022208  0.013548  0.310946  -0.128422  0.377574  2.000000  
116.278259 0.010294  0.093619  -0.016840  0.986621  0.158830  0.036777  -0.068152  0.196881  0.978056  0.148103  -0.967477  0.205071  0.029988  -0.022217  0.013599  0.314464  -0.139804  0.381662  2.000000  
116.279259 0.010324  0.093597  -0.016826  0.986547  0.159248  0.036935  -0.068351  0.196584  0.978102  0.148500  -0.967468  0.204824  0.029943  -0.022242  0.013623  0.312057  -0.134359  0.383294  2.000000  
116.280508 0.010361  0.093569  -0.016809  0.986445  0.159744  0.037515  -0.068956  0.196103  0.978156  0.148897  -0.967484  0.204460  0.029888  -0.022258  0.013563  0.318380  -0.148870  0.381930  2.000000  
116.281509 0.010390  0.093547  -0.016795  0.986357  0.160198  0.037894  -0.069358  0.195654  0.978217  0.149294  -0.967500  0.204095  0.029877  -0.022234  0.013560  0.319344  -0.154694  0.387580  2.000000  
116.282768 0.010426  0.093518  -0.016778  0.986269  0.160657  0.038254  -0.069760  0.195323  0.978255  0.149691  -0.967491  0.203848  0.029783  -0.022223  0.013539  0.320295  -0.162333  0.384393  2.000000  
116.284008 0.010462  0.093489  -0.016761  0.986145  0.161280  0.038808  -0.070364  0.194831  0.978310  0.150220  -0.967486  0.203480  0.029690  -0.022303  0.013526  0.322522  -0.174953  0.391729  2.000000  
116.285009 0.010491  0.093467  -0.016748  0.986076  0.161608  0.039196  -0.070767  0.194508  0.978345  0.150485  -0.967496  0.203237  0.029644  -0.022310  0.013544  0.323583  -0.181725  0.393105  2.000000  
116.286254 0.010527  0.093438  -0.016731  0.985972  0.162101  0.039778  -0.071371  0.194025  0.978397  0.150882  -0.967511  0.202872  0.029560  -0.022380  0.013555  0.327142  -0.193654  0.392745  2.000000  
116.287256 0.010556  0.093415  -0.016718  0.985882  0.162559  0.040139  -0.071773  0.193692  0.978433  0.151278  -0.967501  0.202625  0.029467  -0.022378  0.013498  0.324180  -0.199459  0.398451  2.000000  
116.288259 0.010585  0.093394  -0.016705  0.985792  0.163016  0.040500  -0.072174  0.193360  0.978470  0.151675  -0.967490  0.202378  0.029369  -0.022350  0.013512  0.328023  -0.208831  0.398745  2.000000  
116.289509 0.010620  0.093366  -0.016689  0.985686  0.163508  0.041083  -0.072779  0.192874  0.978521  0.152072  -0.967504  0.202013  0.029293  -0.022401  0.013453  0.331161  -0.229024  0.402913  2.000000  
116.290512 0.010648  0.093344  -0.016676  0.985616  0.163835  0.041472  -0.073182  0.192550  0.978554  0.152336  -0.967513  0.201770  0.029106  -0.022367  0.013384  0.329544  -0.233875  0.400973  2.000000  
116.291772 0.010683  0.093316  -0.016661  0.985524  0.164287  0.041854  -0.073583  0.192098  0.978613  0.152733  -0.967527  0.201406  0.028902  -0.022359  0.013299  0.329196  -0.243467  0.401006  2.000000  
116.293011 0.010718  0.093289  -0.016646  0.985417  0.164782  0.042417  -0.074187  0.191730  0.978640  0.153130  -0.967516  0.201159  0.028769  -0.022395  0.013158  0.327423  -0.257050  0.403922  2.000000  
116.294262 0.010753  0.093260  -0.016631  0.985346  0.165104  0.042827  -0.074589  0.191286  0.978696  0.153394  -0.967549  0.200798  0.028603  -0.022410  0.013046  0.328567  -0.264810  0.400849  2.000000  
116.295506 0.010787  0.093232  -0.016616  0.985274  0.165430  0.043216  -0.074992  0.190961  0.978729  0.153659  -0.967557  0.200555  0.028454  -0.022414  0.012862  0.322982  -0.270320  0.394542  2.000000  
116.296510 0.010815  0.093210  -0.016605  0.985202  0.165762  0.043586  -0.075395  0.190755  0.978738  0.153923  -0.967541  0.200429  0.028292  -0.022418  0.012691  0.318655  -0.280265  0.394757  2.000000  
116.297760 0.010848  0.093182  -0.016590  0.985130  0.166088  0.043976  -0.075797  0.190429  0.978770  0.154187  -0.967549  0.200186  0.028146  -0.022426  0.012555  0.317170  -0.284696  0.392863  2.000000  
116.299010 0.010882  0.093154  -0.016576  0.985057  0.166413  0.044366  -0.076200  0.190103  0.978803  0.154452  -0.967557  0.199943  0.027946  -0.022371  0.012356  0.315809  -0.288956  0.387154  2.000000  
116.300256 0.010916  0.093126  -0.016561  0.984985  0.166739  0.044756  -0.076602  0.189777  0.978834  0.154716  -0.967565  0.199700  0.027798  -0.022287  0.012200  0.310371  -0.294284  0.380976  2.000000  
116.301258 0.010943  0.093104  -0.016549  0.984948  0.166902  0.044951  -0.076803  0.189614  0.978850  0.154848  -0.967569  0.199579  0.027705  -0.022260  0.012091  0.306382  -0.295241  0.376531  2.000000  
116.302504 0.010976  0.093077  -0.016535  0.984875  0.167227  0.045341  -0.077205  0.189288  0.978882  0.155113  -0.967577  0.199335  0.027580  -0.022210  0.011973  0.300990  -0.299725  0.370827  2.000000  
116.303509 0.011003  0.093055  -0.016524  0.984839  0.167389  0.045536  -0.077406  0.189124  0.978897  0.155245  -0.967581  0.199214  0.027407  -0.022234  0.011834  0.294462  -0.298148  0.363254  2.000000  
116.304771 0.011037  0.093028  -0.016509  0.984781  0.167675  0.045726  -0.077606  0.188832  0.978938  0.155509  -0.967588  0.198971  0.027258  -0.022118  0.011733  0.289623  -0.292635  0.357552  2.000000  
116.306006 0.011070  0.093002  -0.016495  0.984728  0.167877  0.046122  -0.078010  0.188634  0.978944  0.155642  -0.967592  0.198849  0.027190  -0.022082  0.011698  0.281530  -0.294429  0.348620  2.000000  
116.307013 0.011097  0.092980  -0.016483  0.984692  0.168039  0.046318  -0.078211  0.188470  0.978960  0.155774  -0.967596  0.198728  0.027119  -0.022001  0.011602  0.274749  -0.292074  0.341222  2.000000  
116.308259 0.011131  0.092955  -0.016469  0.984655  0.168195  0.046534  -0.078412  0.188188  0.978998  0.155906  -0.967624  0.198489  0.027007  -0.021911  0.011594  0.269782  -0.288264  0.326579  2.000000  
116.309261 0.011158  0.092934  -0.016456  0.984618  0.168363  0.046709  -0.078613  0.188143  0.978990  0.156038  -0.967603  0.198485  0.027003  -0.021764  0.011607  0.260611  -0.282479  0.320704  2.000000  
116.310509 0.011192  0.092909  -0.016441  0.984581  0.168520  0.046925  -0.078814  0.187861  0.979028  0.156170  -0.967631  0.198246  0.026928  -0.021575  0.011627  0.255657  -0.278682  0.306090  2.000000  
116.311761 0.011225  0.092884  -0.016426  0.984544  0.168682  0.047120  -0.079015  0.187697  0.979044  0.156302  -0.967634  0.198124  0.026917  -0.021360  0.011659  0.245399  -0.267096  0.294337  2.000000  
116.312761 0.011252  0.092864  -0.016414  0.984507  0.168849  0.047295  -0.079216  0.187652  0.979036  0.156434  -0.967614  0.198120  0.026909  -0.021185  0.011745  0.239449  -0.265867  0.287588  2.000000  
116.313763 0.011279  0.092844  -0.016401  0.984490  0.168882  0.047517  -0.079419  0.187498  0.979049  0.156434  -0.967638  0.198002  0.026895  -0.020986  0.011822  0.230363  -0.261993  0.273028  2.000000  
116.314776 0.011306  0.092825  -0.016389  0.984453  0.169044  0.047713  -0.079620  0.187334  0.979064  0.156567  -0.967641  0.197881  0.026905  -0.020766  0.011879  0.226012  -0.252476  0.263490  2.000000  
116.316006 0.011340  0.092802  -0.016372  0.984416  0.169212  0.047888  -0.079821  0.187289  0.979056  0.156699  -0.967621  0.197877  0.026954  -0.020541  0.012045  0.215196  -0.245705  0.251303  2.000000  
116.317007 0.011367  0.092784  -0.016359  0.984399  0.169244  0.048110  -0.080023  0.187135  0.979069  0.156699  -0.967645  0.197759  0.026953  -0.020227  0.012167  0.205050  -0.234304  0.239776  2.000000  
116.318259 0.011401  0.092761  -0.016342  0.984378  0.169373  0.048084  -0.080022  0.187125  0.979071  0.156831  -0.967624  0.197755  0.027005  -0.019893  0.012333  0.194926  -0.223732  0.223880  2.000000  
116.319509 0.011436  0.092740  -0.016325  0.984341  0.169535  0.048280  -0.080223  0.186961  0.979086  0.156963  -0.967628  0.197634  0.027077  -0.019571  0.012509  0.182269  -0.214102  0.214121  2.000000  
116.320783 0.011470  0.092719  -0.016306  0.984324  0.169574  0.048481  -0.080425  0.186926  0.979076  0.156963  -0.967628  0.197634  0.027054  -0.019121  0.012732  0.171887  -0.203292  0.197958  2.000000  
116.322007 0.011505  0.092698  -0.016288  0.984287  0.169741  0.048656  -0.080626  0.186880  0.979069  0.157095  -0.967607  0.197629  0.027179  -0.018816  0.013026  0.161519  -0.196073  0.190738  2.000000  
116.323263 0.011539  0.092679  -0.016269  0.984249  0.169909  0.048832  -0.080827  0.186835  0.979061  0.157227  -0.967587  0.197625  0.027222  -0.018345  0.013334  0.148545  -0.187041  0.176295  2.000000  
116.324510 0.011574  0.092660  -0.016249  0.984233  0.169947  0.049033  -0.081030  0.186800  0.979051  0.157227  -0.967587  0.197625  0.027309  -0.017939  0.013600  0.139327  -0.187402  0.166158  2.000000  
116.325764 0.011609  0.092641  -0.016230  0.984233  0.169953  0.049013  -0.081030  0.186918  0.979028  0.157227  -0.967563  0.197742  0.027399  -0.017432  0.013946  0.124963  -0.170568  0.154472  2.000000  
116.326766 0.011637  0.092627  -0.016214  0.984216  0.169991  0.049214  -0.081232  0.186883  0.979018  0.157227  -0.967563  0.197742  0.027473  -0.017014  0.014223  0.115753  -0.165691  0.144256  2.000000  
116.328008 0.011672  0.092610  -0.016193  0.984178  0.170159  0.049389  -0.081433  0.186838  0.979010  0.157359  -0.967542  0.197738  0.027550  -0.016627  0.014516  0.110810  -0.165250  0.138708  2.000000  
116.329009 0.011700  0.092596  -0.016177  0.984178  0.170165  0.049369  -0.081433  0.186957  0.978987  0.157359  -0.967518  0.197856  0.027619  -0.016257  0.014738  0.096555  -0.152878  0.131602  2.000000  
116.330011 0.011728  0.092582  -0.016160  0.984161  0.170203  0.049570  -0.081636  0.186922  0.978977  0.157359  -0.967518  0.197856  0.027698  -0.015792  0.015095  0.088137  -0.149258  0.122476  2.000000  
116.331259 0.011763  0.092566  -0.016139  0.984161  0.170209  0.049550  -0.081636  0.187040  0.978954  0.157359  -0.967494  0.197973  0.027871  -0.015456  0.015382  0.078942  -0.144399  0.112312  2.000000  
116.332512 0.011799  0.092551  -0.016117  0.984145  0.170248  0.049751  -0.081838  0.187005  0.978944  0.157359  -0.967494  0.197973  0.027865  -0.014863  0.015702  0.000000  0.000000  0.000000  2.000000  
116.333764 0.011834  0.092535  -0.016096  0.984145  0.170254  0.049731  -0.081838  0.187124  0.978921  0.157359  -0.967470  0.198090  0.027920  -0.014481  0.015967  0.000000  0.000000  0.000000  2.000000  
116.334770 0.011862  0.092523  -0.016079  0.984128  0.170292  0.049932  -0.082041  0.187089  0.978911  0.157359  -0.967470  0.198090  0.027955  -0.014148  0.016173  0.000000  0.000000  0.000000  2.000000  
116.336006 0.011899  0.092508  -0.016057  0.984128  0.170299  0.049911  -0.082041  0.187208  0.978888  0.157359  -0.967446  0.198208  0.028081  -0.013753  0.016436  0.000000  0.000000  0.000000  2.000000  
116.337007 0.011927  0.092496  -0.016038  0.984128  0.170305  0.049891  -0.082041  0.187326  0.978866  0.157359  -0.967422  0.198325  0.028141  -0.013516  0.016652  0.000000  0.000000  0.000000  2.000000  
116.338254 0.011963  0.092481  -0.016016  0.984111  0.170343  0.050092  -0.082244  0.187291  0.978855  0.157359  -0.967422  0.198325  0.028256  -0.013205  0.016865  0.000000  0.000000  0.000000  2.000000  
116.339255 0.011991  0.092469  -0.015998  0.984111  0.170349  0.050072  -0.082244  0.187410  0.978833  0.157359  -0.967398  0.198442  0.028263  -0.012990  0.017007  0.000000  0.000000  0.000000  2.000000  
116.340260 0.012020  0.092457  -0.015980  0.984132  0.170226  0.050077  -0.082245  0.187540  0.978808  0.157227  -0.967394  0.198564  0.028346  -0.012788  0.017200  0.000000  0.000000  0.000000  2.000000  
116.341509 0.012056  0.092443  -0.015957  0.984132  0.170226  0.050077  -0.082245  0.187540  0.978808  0.157227  -0.967394  0.198564  0.028399  -0.012518  0.017398  0.000000  0.000000  0.000000  2.000000  
116.342764 0.012092  0.092427  -0.015934  0.984115  0.170271  0.050258  -0.082448  0.187623  0.978775  0.157227  -0.967370  0.198681  0.028464  -0.012349  0.017545  0.000000  0.000000  0.000000  2.000000  
116.344011 0.012128  0.092413  -0.015911  0.984115  0.170271  0.050258  -0.082448  0.187623  0.978775  0.157227  -0.967370  0.198681  0.028506  -0.012192  0.017720  0.000000  0.000000  0.000000  2.000000  
116.345258 0.012163  0.092397  -0.015889  0.984115  0.170277  0.050238  -0.082448  0.187742  0.978752  0.157227  -0.967346  0.198799  0.028540  -0.012093  0.017843  0.000000  0.000000  0.000000  2.000000  
116.346261 0.012192  0.092385  -0.015871  0.984115  0.170277  0.050238  -0.082448  0.187742  0.978752  0.157227  -0.967346  0.198799  0.028550  -0.012045  0.017904  0.000000  0.000000  0.000000  2.000000  
116.347508 0.012227  0.092370  -0.015848  0.984115  0.170283  0.050217  -0.082448  0.187861  0.978729  0.157227  -0.967322  0.198916  0.028556  -0.012045  0.017936  0.000000  0.000000  0.000000  2.000000  
116.348755 0.012262  0.092354  -0.015826  0.984115  0.170283  0.050217  -0.082448  0.187861  0.978729  0.157227  -0.967322  0.198916  0.028552  -0.012035  0.017988  0.000000  0.000000  0.000000  2.000000  
116.349760 0.012290  0.092342  -0.015809  0.984153  0.170116  0.050042  -0.082247  0.187907  0.978737  0.157095  -0.967343  0.198920  0.028550  -0.012022  0.017994  0.000000  0.000000  0.000000  2.000000  
116.350762 0.012318  0.092329  -0.015792  0.984153  0.170122  0.050021  -0.082247  0.188025  0.978714  0.157095  -0.967319  0.199038  0.028426  -0.012099  0.017948  0.000000  0.000000  0.000000  2.000000  
116.351762 0.012346  0.092316  -0.015775  0.984153  0.170122  0.050021  -0.082247  0.188025  0.978714  0.157095  -0.967319  0.199038  0.028369  -0.012145  0.017869  0.000000  0.000000  0.000000  2.000000  
116.353006 0.012379  0.092300  -0.015753  0.984153  0.170122  0.050021  -0.082247  0.188025  0.978714  0.157095  -0.967319  0.199038  0.028246  -0.012251  0.017793  0.000000  0.000000  0.000000  2.000000  
116.354006 0.012406  0.092287  -0.015737  0.984153  0.170122  0.050021  -0.082247  0.188025  0.978714  0.157095  -0.967319  0.199038  0.028150  -0.012323  0.017753  0.000000  0.000000  0.000000  2.000000  
116.355009 0.012433  0.092274  -0.015719  0.984170  0.170089  0.049799  -0.082045  0.188179  0.978702  0.157095  -0.967294  0.199155  0.028029  -0.012425  0.017676  0.000000  0.000000  0.000000  2.000000  
116.356255 0.012466  0.092257  -0.015699  0.984170  0.170089  0.049799  -0.082045  0.188179  0.978702  0.157095  -0.967294  0.199155  0.027824  -0.012553  0.017543  0.000000  0.000000  0.000000  2.000000  
116.357259 0.012492  0.092243  -0.015682  0.984149  0.170218  0.049773  -0.082043  0.188168  0.978704  0.157227  -0.967274  0.199151  0.027661  -0.012678  0.017438  0.000000  0.000000  0.000000  2.000000  
116.358506 0.012525  0.092226  -0.015660  0.984149  0.170218  0.049773  -0.082043  0.188168  0.978704  0.157227  -0.967274  0.199151  0.027460  -0.012832  0.017356  0.000000  0.000000  0.000000  2.000000  
116.359508 0.012551  0.092212  -0.015644  0.984166  0.170179  0.049571  -0.081840  0.188203  0.978714  0.157227  -0.967274  0.199151  0.027250  -0.012956  0.017217  0.000000  0.000000  0.000000  2.000000  
116.360510 0.012576  0.092198  -0.015627  0.984166  0.170185  0.049551  -0.081840  0.188322  0.978691  0.157227  -0.967250  0.199268  0.027005  -0.013088  0.017131  0.000000  0.000000  0.000000  2.000000  
116.361760 0.012607  0.092181  -0.015606  0.984166  0.170185  0.049551  -0.081840  0.188322  0.978691  0.157227  -0.967250  0.199268  0.026741  -0.013236  0.017063  0.000000  0.000000  0.000000  2.000000  
116.363006 0.012637  0.092163  -0.015586  0.984182  0.170146  0.049349  -0.081638  0.188357  0.978702  0.157227  -0.967250  0.199268  0.026408  -0.013436  0.016936  0.000000  0.000000  0.000000  2.000000  
116.364255 0.012667  0.092145  -0.015566  0.984182  0.170146  0.049349  -0.081638  0.188357  0.978702  0.157227  -0.967250  0.199268  0.026021  -0.013605  0.016800  0.000000  0.000000  0.000000  2.000000  
116.365256 0.012691  0.092130  -0.015549  0.984161  0.170275  0.049322  -0.081636  0.188346  0.978704  0.157359  -0.967229  0.199264  0.025751  -0.013732  0.016723  0.000000  0.000000  0.000000  2.000000  
116.366257 0.012714  0.092115  -0.015534  0.984178  0.170237  0.049121  -0.081433  0.188381  0.978714  0.157359  -0.967229  0.199264  0.025427  -0.013895  0.016637  0.000000  0.000000  0.000000  2.000000  
116.367258 0.012737  0.092100  -0.015518  0.984178  0.170243  0.049100  -0.081433  0.188500  0.978691  0.157359  -0.967205  0.199381  0.025129  -0.013986  0.016574  0.000000  0.000000  0.000000  2.000000  
116.368507 0.012765  0.092081  -0.015498  0.984178  0.170243  0.049100  -0.081433  0.188500  0.978691  0.157359  -0.967205  0.199381  0.024732  -0.014165  0.016494  0.000000  0.000000  0.000000  2.000000  
116.369509 0.012787  0.092066  -0.015482  0.984178  0.170243  0.049100  -0.081433  0.188500  0.978691  0.157359  -0.967205  0.199381  0.024448  -0.014329  0.016395  0.000000  0.000000  0.000000  2.000000  
116.370771 0.012814  0.092047  -0.015462  0.984174  0.170333  0.048872  -0.081229  0.188524  0.978703  0.157492  -0.967184  0.199377  0.023985  -0.014473  0.016316  0.000000  0.000000  0.000000  2.000000  
116.372009 0.012840  0.092028  -0.015443  0.984174  0.170333  0.048872  -0.081229  0.188524  0.978703  0.157492  -0.967184  0.199377  0.023596  -0.014612  0.016187  0.000000  0.000000  0.000000  2.000000  
116.373263 0.012867  0.092008  -0.015423  0.984174  0.170333  0.048872  -0.081229  0.188524  0.978703  0.157492  -0.967184  0.199377  0.023168  -0.014752  0.016082  0.000000  0.000000  0.000000  2.000000  
116.374509 0.012892  0.091989  -0.015404  0.984174  0.170339  0.048852  -0.081229  0.188643  0.978681  0.157492  -0.967160  0.199494  0.022768  -0.014909  0.015996  0.000000  0.000000  0.000000  2.000000  
116.375515 0.012913  0.091973  -0.015387  0.984153  0.170468  0.048825  -0.081227  0.188633  0.978683  0.157624  -0.967139  0.199490  0.022449  -0.014989  0.015965  0.000000  0.000000  0.000000  2.000000  
116.376763 0.012938  0.091953  -0.015368  0.984170  0.170429  0.048624  -0.081025  0.188668  0.978693  0.157624  -0.967139  0.199490  0.022041  -0.015162  0.015876  0.000000  0.000000  0.000000  2.000000  
116.378010 0.012962  0.091933  -0.015348  0.984149  0.170558  0.048597  -0.081023  0.188657  0.978695  0.157756  -0.967119  0.199486  0.021615  -0.015307  0.015820  0.000000  0.000000  0.000000  2.000000  
116.379259 0.012987  0.091913  -0.015329  0.984149  0.170558  0.048597  -0.081023  0.188657  0.978695  0.157756  -0.967119  0.199486  0.021238  -0.015476  0.015802  0.000000  0.000000  0.000000  2.000000  
116.380508 0.013010  0.091892  -0.015309  0.984128  0.170693  0.048550  -0.081021  0.188765  0.978674  0.157888  -0.967074  0.199599  0.020854  -0.015619  0.015776  0.000000  0.000000  0.000000  2.000000  
116.381567 0.013029  0.091876  -0.015292  0.984128  0.170693  0.048550  -0.081021  0.188765  0.978674  0.157888  -0.967074  0.199599  0.020503  -0.015641  0.015720  0.000000  0.000000  0.000000  2.000000  
116.382763 0.013053  0.091855  -0.015273  0.984106  0.170822  0.048523  -0.081019  0.188754  0.978676  0.158020  -0.967053  0.199594  0.020277  -0.015818  0.015812  0.000000  0.000000  0.000000  2.000000  
116.384014 0.013075  0.091834  -0.015253  0.984106  0.170822  0.048523  -0.081019  0.188754  0.978676  0.158020  -0.967053  0.199594  0.019911  -0.016009  0.015755  0.000000  0.000000  0.000000  2.000000  
116.385256 0.013098  0.091812  -0.015234  0.984085  0.170950  0.048496  -0.081018  0.188744  0.978679  0.158152  -0.967032  0.199590  0.019630  -0.016160  0.015759  0.000000  0.000000  0.000000  2.000000  
116.386504 0.013120  0.091791  -0.015215  0.984064  0.171079  0.048470  -0.081016  0.188733  0.978681  0.158284  -0.967012  0.199586  0.019353  -0.016310  0.015715  0.000000  0.000000  0.000000  2.000000  
116.387510 0.013138  0.091773  -0.015200  0.984064  0.171079  0.048470  -0.081016  0.188733  0.978681  0.158284  -0.967012  0.199586  0.019049  -0.016481  0.015604  0.000000  0.000000  0.000000  2.000000  
116.388758 0.013160  0.091752  -0.015182  0.984043  0.171214  0.048422  -0.081014  0.188841  0.978660  0.158416  -0.966967  0.199699  0.018862  -0.016603  0.015623  0.000000  0.000000  0.000000  2.000000  
116.389760 0.013177  0.091733  -0.015167  0.984022  0.171343  0.048396  -0.081012  0.188831  0.978662  0.158549  -0.966946  0.199695  0.018615  -0.016782  0.015553  0.000000  0.000000  0.000000  2.000000  
116.390770 0.013193  0.091716  -0.015152  0.984001  0.171472  0.048369  -0.081011  0.188820  0.978665  0.158681  -0.966925  0.199690  0.018344  -0.016885  0.015467  0.000000  0.000000  0.000000  2.000000  
116.392014 0.013215  0.091693  -0.015134  0.984001  0.171472  0.048369  -0.081011  0.188820  0.978665  0.158681  -0.966925  0.199690  0.018107  -0.017074  0.015360  0.000000  0.000000  0.000000  2.000000  
116.393259 0.013235  0.091670  -0.015115  0.983980  0.171601  0.048343  -0.081009  0.188809  0.978667  0.158813  -0.966904  0.199686  0.018009  -0.017379  0.015359  0.000000  0.000000  0.000000  2.000000  
116.394508 0.013256  0.091646  -0.015097  0.983959  0.171730  0.048316  -0.081007  0.188799  0.978669  0.158945  -0.966884  0.199682  0.017647  -0.017535  0.015150  0.000000  0.000000  0.000000  2.000000  
116.395509 0.013272  0.091626  -0.015083  0.983937  0.171859  0.048289  -0.081005  0.188788  0.978671  0.159077  -0.966863  0.199677  0.017404  -0.017772  0.015002  0.000000  0.000000  0.000000  2.000000  
116.396510 0.013288  0.091607  -0.015069  0.983916  0.171988  0.048263  -0.081004  0.188778  0.978673  0.159209  -0.966842  0.199673  0.017355  -0.017989  0.014930  0.000000  0.000000  0.000000  2.000000  
116.397762 0.013308  0.091583  -0.015052  0.983895  0.172117  0.048236  -0.081002  0.188767  0.978675  0.159341  -0.966821  0.199669  0.016996  -0.018161  0.014678  0.000000  0.000000  0.000000  2.000000  
116.399010 0.013327  0.091558  -0.015035  0.983852  0.172380  0.048162  -0.080998  0.188865  0.978657  0.159605  -0.966755  0.199777  0.016779  -0.018374  0.014538  0.000000  0.000000  0.000000  2.000000  
116.400257 0.013346  0.091534  -0.015019  0.983831  0.172509  0.048135  -0.080997  0.188854  0.978659  0.159737  -0.966734  0.199773  0.016558  -0.018594  0.014356  0.000000  0.000000  0.000000  2.000000  
116.401504 0.013365  0.091509  -0.015003  0.983810  0.172638  0.048109  -0.080995  0.188843  0.978661  0.159869  -0.966713  0.199769  0.016348  -0.018770  0.014161  0.000000  0.000000  0.000000  2.000000  
116.402504 0.013380  0.091489  -0.014990  0.983767  0.172896  0.048055  -0.080991  0.188822  0.978666  0.160134  -0.966671  0.199760  0.016154  -0.018928  0.014032  0.000000  0.000000  0.000000  2.000000  
116.403505 0.013395  0.091469  -0.014978  0.983746  0.173025  0.048029  -0.080990  0.188811  0.978668  0.160266  -0.966650  0.199756  0.015985  -0.019111  0.013827  0.000000  0.000000  0.000000  2.000000  
116.404509 0.013409  0.091449  -0.014966  0.983724  0.173154  0.048002  -0.080988  0.188801  0.978670  0.160398  -0.966629  0.199751  0.015795  -0.019264  0.013653  0.000000  0.000000  0.000000  2.000000  
116.405755 0.013427  0.091425  -0.014951  0.983682  0.173412  0.047949  -0.080984  0.188780  0.978675  0.160662  -0.966587  0.199743  0.015583  -0.019420  0.013415  0.000000  0.000000  0.000000  2.000000  
116.406767 0.013441  0.091404  -0.014940  0.983660  0.173541  0.047922  -0.080983  0.188769  0.978677  0.160794  -0.966566  0.199738  0.015349  -0.019561  0.013158  0.000000  0.000000  0.000000  2.000000  
116.408008 0.013458  0.091379  -0.014925  0.983639  0.173669  0.047895  -0.080981  0.188758  0.978679  0.160926  -0.966545  0.199734  0.015108  -0.019691  0.012944  0.000000  0.000000  0.000000  2.000000  
116.409010 0.013471  0.091359  -0.014914  0.983612  0.173888  0.047641  -0.080775  0.188773  0.978693  0.161190  -0.966503  0.199725  0.014851  -0.019768  0.012665  0.000000  0.000000  0.000000  2.000000  
116.410259 0.013487  0.091333  -0.014900  0.983591  0.174017  0.047614  -0.080773  0.188762  0.978695  0.161322  -0.966482  0.199721  0.014544  -0.019849  0.012397  0.000000  0.000000  0.000000  2.000000  
116.411509 0.013503  0.091308  -0.014887  0.983548  0.174275  0.047561  -0.080769  0.188741  0.978700  0.161586  -0.966439  0.199712  0.014292  -0.019922  0.012171  0.000000  0.000000  0.000000  2.000000  
116.412510 0.013515  0.091288  -0.014876  0.983526  0.174404  0.047534  -0.080768  0.188731  0.978702  0.161718  -0.966418  0.199708  0.014099  -0.020002  0.011986  0.000000  0.000000  0.000000  2.000000  
116.413763 0.013531  0.091263  -0.014862  0.983483  0.174667  0.047460  -0.080764  0.188828  0.978683  0.161982  -0.966351  0.199816  0.013817  -0.020043  0.011733  0.000000  0.000000  0.000000  2.000000  
116.414773 0.013543  0.091243  -0.014851  0.983440  0.174925  0.047406  -0.080761  0.188807  0.978688  0.162246  -0.966309  0.199807  0.013603  -0.020069  0.011578  0.000000  0.000000  0.000000  2.000000  
116.416006 0.013559  0.091217  -0.014837  0.983435  0.175015  0.047178  -0.080556  0.188832  0.978700  0.162378  -0.966288  0.199803  0.013399  -0.020126  0.011438  0.000000  0.000000  0.000000  2.000000  
116.417007 0.013570  0.091198  -0.014826  0.983391  0.175273  0.047125  -0.080553  0.188811  0.978704  0.162642  -0.966245  0.199794  0.013174  -0.020110  0.011318  0.000000  0.000000  0.000000  2.000000  
116.418010 0.013583  0.091178  -0.014815  0.983370  0.175407  0.047077  -0.080551  0.188920  0.978683  0.162774  -0.966200  0.199907  0.013034  -0.020092  0.011215  0.000000  0.000000  0.000000  2.000000  
116.419256 0.013598  0.091153  -0.014802  0.983326  0.175665  0.047024  -0.080547  0.188898  0.978688  0.163038  -0.966157  0.199898  0.012802  -0.020083  0.011095  0.000000  0.000000  0.000000  2.000000  
116.420257 0.013610  0.091134  -0.014790  0.983305  0.175794  0.046997  -0.080546  0.188888  0.978690  0.163170  -0.966136  0.199894  0.012679  -0.020054  0.011103  0.000000  0.000000  0.000000  2.000000  
116.421504 0.013625  0.091109  -0.014777  0.983278  0.176013  0.046742  -0.080340  0.188903  0.978704  0.163434  -0.966093  0.199885  0.012534  -0.020013  0.010996  0.000000  0.000000  0.000000  2.000000  
116.422506 0.013637  0.091090  -0.014766  0.983256  0.176147  0.046694  -0.080338  0.189011  0.978683  0.163566  -0.966047  0.199998  0.012405  -0.019960  0.010996  0.000000  0.000000  0.000000  2.000000  
116.423513 0.013649  0.091071  -0.014755  0.983212  0.176405  0.046641  -0.080334  0.188990  0.978687  0.163830  -0.966004  0.199989  0.012315  -0.019884  0.010977  0.000000  0.000000  0.000000  2.000000  
116.424774 0.013664  0.091046  -0.014742  0.983190  0.176534  0.046614  -0.080333  0.188980  0.978690  0.163962  -0.965983  0.199984  0.012225  -0.019788  0.010908  0.000000  0.000000  0.000000  2.000000  
116.426009 0.013679  0.091022  -0.014728  0.983163  0.176752  0.046359  -0.080127  0.188995  0.978704  0.164226  -0.965940  0.199975  0.012181  -0.019705  0.010969  -0.020612  0.060846  0.160484  2.000000  
116.427012 0.013691  0.091003  -0.014717  0.983141  0.176887  0.046311  -0.080125  0.189103  0.978683  0.164358  -0.965894  0.200088  0.012104  -0.019648  0.010915  -0.024863  0.061358  0.161807  2.000000  
116.428259 0.013707  0.090980  -0.014704  0.983097  0.177144  0.046258  -0.080121  0.189082  0.978687  0.164622  -0.965851  0.200079  0.012116  -0.019556  0.010918  -0.024665  0.061758  0.164851  2.000000  
116.429259 0.013719  0.090960  -0.014692  0.983075  0.177273  0.046231  -0.080119  0.189072  0.978689  0.164754  -0.965829  0.200075  0.012106  -0.019471  0.010962  -0.020626  0.061770  0.164853  2.000000  
116.430260 0.013731  0.090942  -0.014681  0.983070  0.177369  0.045982  -0.079915  0.189216  0.978678  0.164886  -0.965783  0.200187  0.012140  -0.019339  0.010982  -0.025998  0.068971  0.164817  2.000000  
116.431261 0.013744  0.090924  -0.014670  0.983026  0.177626  0.045928  -0.079912  0.189195  0.978682  0.165150  -0.965740  0.200178  0.012152  -0.019239  0.010939  -0.026003  0.069876  0.169207  2.000000  
116.432507 0.013760  0.090901  -0.014655  0.983004  0.177755  0.045902  -0.079910  0.189185  0.978685  0.165282  -0.965718  0.200174  0.012211  -0.019085  0.011027  -0.026028  0.069012  0.164921  2.000000  
116.433509 0.013773  0.090883  -0.014644  0.982976  0.177979  0.045625  -0.079704  0.189319  0.978675  0.165546  -0.965651  0.200282  0.012293  -0.018961  0.011084  -0.031230  0.076593  0.167875  2.000000  
116.434773 0.013789  0.090861  -0.014630  0.982954  0.178108  0.045598  -0.079702  0.189309  0.978678  0.165678  -0.965629  0.200278  0.012302  -0.018793  0.011083  -0.031221  0.075637  0.163377  2.000000  
116.436006 0.013804  0.090839  -0.014615  0.982910  0.178366  0.045545  -0.079699  0.189288  0.978682  0.165942  -0.965586  0.200269  0.012361  -0.018642  0.011165  -0.031241  0.076577  0.167845  2.000000  
116.437254 0.013821  0.090817  -0.014601  0.982904  0.178461  0.045295  -0.079494  0.189433  0.978670  0.166074  -0.965540  0.200381  0.012437  -0.018515  0.011219  -0.036163  0.082604  0.165124  2.000000  
116.438256 0.013834  0.090801  -0.014589  0.982860  0.178718  0.045242  -0.079491  0.189412  0.978675  0.166338  -0.965496  0.200372  0.012544  -0.018330  0.011241  -0.035044  0.075956  0.166463  2.000000  
116.439504 0.013850  0.090779  -0.014575  0.982837  0.178853  0.045193  -0.079489  0.189521  0.978654  0.166470  -0.965450  0.200485  0.012589  -0.018145  0.011315  -0.039097  0.075971  0.166473  2.000000  
116.440514 0.013863  0.090763  -0.014564  0.982832  0.178942  0.044965  -0.079285  0.189547  0.978665  0.166602  -0.965428  0.200480  0.012650  -0.017920  0.011304  -0.040576  0.082396  0.162112  2.000000  
116.441763 0.013879  0.090742  -0.014549  0.982787  0.179205  0.044890  -0.079281  0.189645  0.978647  0.166865  -0.965360  0.200588  0.012691  -0.017751  0.011371  -0.044647  0.082366  0.162033  2.000000  
116.442771 0.013891  0.090725  -0.014538  0.982765  0.179334  0.044863  -0.079280  0.189635  0.978649  0.166997  -0.965338  0.200584  0.012697  -0.017526  0.011367  -0.040566  0.082353  0.161985  2.000000  
116.444009 0.013907  0.090705  -0.014525  0.982759  0.179429  0.044613  -0.079075  0.189780  0.978637  0.167129  -0.965292  0.200696  0.012751  -0.017343  0.011344  -0.045807  0.088163  0.156253  2.000000  
116.445011 0.013919  0.090689  -0.014514  0.982737  0.179558  0.044586  -0.079074  0.189769  0.978639  0.167261  -0.965270  0.200692  0.012743  -0.017162  0.011332  -0.045805  0.088144  0.156222  2.000000  
116.446261 0.013935  0.090669  -0.014501  0.982692  0.179821  0.044511  -0.079070  0.189867  0.978621  0.167525  -0.965202  0.200800  0.012724  -0.016978  0.011259  -0.048766  0.081489  0.157641  2.000000  
116.447508 0.013950  0.090649  -0.014488  0.982670  0.179949  0.044484  -0.079068  0.189857  0.978623  0.167657  -0.965180  0.200795  0.012693  -0.016762  0.011173  -0.044707  0.080598  0.153260  2.000000  
116.448757 0.013966  0.090630  -0.014475  0.982641  0.180173  0.044207  -0.078862  0.189992  0.978613  0.167921  -0.965112  0.200903  0.012668  -0.016588  0.011045  -0.049540  0.087499  0.155025  2.000000  
116.449761 0.013978  0.090615  -0.014465  0.982619  0.180307  0.044159  -0.078861  0.190101  0.978592  0.168053  -0.965065  0.201015  0.012626  -0.016442  0.010956  -0.054013  0.087273  0.151821  2.000000  
116.451006 0.013993  0.090595  -0.014452  0.982574  0.180565  0.044105  -0.078857  0.190080  0.978597  0.168316  -0.965021  0.201006  0.012556  -0.016248  0.010843  -0.053579  0.087459  0.154938  2.000000  
116.452259 0.014007  0.090576  -0.014441  0.982551  0.180699  0.044056  -0.078855  0.190188  0.978576  0.168448  -0.964975  0.201119  0.012393  -0.016078  0.010660  -0.052886  0.080606  0.153198  2.000000  
116.453510 0.014022  0.090557  -0.014428  0.982506  0.180961  0.043981  -0.078852  0.190286  0.978557  0.168712  -0.964906  0.201227  0.012307  -0.015931  0.010537  -0.056512  0.079958  0.151948  2.000000  
116.454771 0.014036  0.090538  -0.014416  0.982500  0.181051  0.043752  -0.078647  0.190313  0.978568  0.168844  -0.964884  0.201222  0.012167  -0.015785  0.010374  -0.057658  0.086579  0.150565  2.000000  
116.456010 0.014050  0.090519  -0.014404  0.982455  0.181314  0.043677  -0.078644  0.190411  0.978549  0.169108  -0.964815  0.201330  0.012060  -0.015669  0.010187  -0.057005  0.080643  0.153211  2.000000  
116.457012 0.014061  0.090504  -0.014395  0.982432  0.181448  0.043628  -0.078642  0.190520  0.978528  0.169240  -0.964769  0.201442  0.011933  -0.015563  0.010085  -0.060575  0.079973  0.151918  2.000000  
116.458258 0.014075  0.090485  -0.014384  0.982410  0.181576  0.043601  -0.078640  0.190509  0.978530  0.169371  -0.964747  0.201438  0.011817  -0.015463  0.009943  0.000000  0.000000  0.000000  2.000000  
116.459259 0.014085  0.090469  -0.014375  0.982403  0.181671  0.043351  -0.078436  0.190655  0.978518  0.169503  -0.964700  0.201550  0.011663  -0.015437  0.009832  0.000000  0.000000  0.000000  2.000000  
116.460510 0.014098  0.090451  -0.014364  0.982358  0.181934  0.043275  -0.078433  0.190753  0.978500  0.169767  -0.964631  0.201658  0.011504  -0.015331  0.009701  0.000000  0.000000  0.000000  2.000000  
116.461762 0.014111  0.090431  -0.014353  0.982335  0.182067  0.043226  -0.078431  0.190862  0.978479  0.169899  -0.964584  0.201770  0.011316  -0.015288  0.009514  0.000000  0.000000  0.000000  2.000000  
116.462765 0.014121  0.090416  -0.014345  0.982329  0.182157  0.042998  -0.078227  0.190889  0.978490  0.170031  -0.964562  0.201765  0.011137  -0.015259  0.009372  0.000000  0.000000  0.000000  2.000000  
116.464021 0.014134  0.090398  -0.014334  0.982306  0.182291  0.042949  -0.078225  0.190997  0.978469  0.170163  -0.964515  0.201878  0.010960  -0.015234  0.009189  0.000000  0.000000  0.000000  2.000000  
116.465256 0.014146  0.090379  -0.014324  0.982284  0.182424  0.042899  -0.078223  0.191106  0.978448  0.170294  -0.964469  0.201990  0.010811  -0.015200  0.009132  0.000000  0.000000  0.000000  2.000000  
116.466505 0.014157  0.090359  -0.014314  0.982254  0.182642  0.042644  -0.078017  0.191123  0.978461  0.170558  -0.964424  0.201981  0.010596  -0.015203  0.008972  0.000000  0.000000  0.000000  2.000000  
116.467506 0.014167  0.090344  -0.014305  0.982254  0.182648  0.042622  -0.078017  0.191242  0.978437  0.170558  -0.964400  0.202098  0.010438  -0.015239  0.008857  0.000000  0.000000  0.000000  2.000000  
116.468760 0.014179  0.090325  -0.014295  0.982247  0.182742  0.042371  -0.077813  0.191388  0.978425  0.170690  -0.964353  0.202210  0.010245  -0.015211  0.008705  0.000000  0.000000  0.000000  2.000000  
116.469761 0.014187  0.090309  -0.014287  0.982225  0.182871  0.042344  -0.077811  0.191378  0.978427  0.170822  -0.964330  0.202205  0.010104  -0.015259  0.008610  0.000000  0.000000  0.000000  2.000000  
116.471006 0.014198  0.090290  -0.014277  0.982218  0.182965  0.042094  -0.077607  0.191524  0.978415  0.170954  -0.964283  0.202318  0.009885  -0.015282  0.008498  0.000000  0.000000  0.000000  2.000000  
116.472010 0.014207  0.090274  -0.014269  0.982195  0.183099  0.042045  -0.077606  0.191632  0.978394  0.171085  -0.964236  0.202430  0.009736  -0.015343  0.008391  0.000000  0.000000  0.000000  2.000000  
116.473262 0.014217  0.090254  -0.014259  0.982188  0.183188  0.041816  -0.077402  0.191660  0.978405  0.171217  -0.964214  0.202425  0.009497  -0.015396  0.008311  0.000000  0.000000  0.000000  2.000000  
116.474509 0.014228  0.090234  -0.014249  0.982188  0.183193  0.041794  -0.077402  0.191779  0.978381  0.171217  -0.964189  0.202542  0.009348  -0.015427  0.008256  0.000000  0.000000  0.000000  2.000000  
116.475511 0.014236  0.090218  -0.014241  0.982165  0.183321  0.041767  -0.077400  0.191768  0.978383  0.171349  -0.964167  0.202537  0.009216  -0.015520  0.008213  0.000000  0.000000  0.000000  2.000000  
116.476764 0.014246  0.090198  -0.014231  0.982158  0.183416  0.041516  -0.077196  0.191915  0.978371  0.171481  -0.964120  0.202650  0.009016  -0.015601  0.008120  0.000000  0.000000  0.000000  2.000000  
116.478009 0.014256  0.090177  -0.014221  0.982174  0.183381  0.041293  -0.076994  0.192071  0.978356  0.171481  -0.964095  0.202766  0.008854  -0.015713  0.008108  0.000000  0.000000  0.000000  2.000000  
116.479259 0.014266  0.090157  -0.014211  0.982151  0.183510  0.041266  -0.076992  0.192061  0.978358  0.171613  -0.964073  0.202762  0.008689  -0.015792  0.008090  0.000000  0.000000  0.000000  2.000000  
116.480509 0.014275  0.090136  -0.014202  0.982167  0.183475  0.041042  -0.076790  0.192217  0.978343  0.171613  -0.964048  0.202879  0.008508  -0.015883  0.007962  0.000000  0.000000  0.000000  2.000000  
116.481760 0.014285  0.090116  -0.014192  0.982144  0.183604  0.041015  -0.076788  0.192207  0.978346  0.171745  -0.964026  0.202874  0.008328  -0.016031  0.007939  0.000000  0.000000  0.000000  2.000000  
116.483004 0.014294  0.090094  -0.014184  0.982160  0.183569  0.040791  -0.076586  0.192364  0.978331  0.171745  -0.964001  0.202991  0.008153  -0.016142  0.007818  0.000000  0.000000  0.000000  2.000000  
116.484010 0.014301  0.090078  -0.014176  0.982137  0.183698  0.040764  -0.076584  0.192354  0.978333  0.171876  -0.963979  0.202986  0.008016  -0.016204  0.007824  0.000000  0.000000  0.000000  2.000000  
116.485257 0.014310  0.090057  -0.014167  0.982153  0.183658  0.040563  -0.076382  0.192392  0.978341  0.171876  -0.963979  0.202986  0.007870  -0.016281  0.007767  0.000000  0.000000  0.000000  2.000000  
116.486260 0.014316  0.090040  -0.014159  0.982153  0.183663  0.040540  -0.076382  0.192510  0.978318  0.171876  -0.963954  0.203103  0.007708  -0.016377  0.007709  0.000000  0.000000  0.000000  2.000000  
116.487507 0.014325  0.090019  -0.014150  0.982146  0.183752  0.040312  -0.076178  0.192538  0.978328  0.172008  -0.963932  0.203098  0.007600  -0.016444  0.007636  0.000000  0.000000  0.000000  2.000000  
116.488762 0.014333  0.089998  -0.014141  0.982146  0.183757  0.040290  -0.076178  0.192657  0.978305  0.172008  -0.963907  0.203215  0.007461  -0.016516  0.007582  0.000000  0.000000  0.000000  2.000000  
116.490009 0.014342  0.089977  -0.014132  0.982138  0.183846  0.040061  -0.075974  0.192685  0.978315  0.172140  -0.963884  0.203211  0.007310  -0.016604  0.007526  0.000000  0.000000  0.000000  2.000000  
116.491012 0.014348  0.089960  -0.014125  0.982138  0.183846  0.040061  -0.075974  0.192685  0.978315  0.172140  -0.963884  0.203211  0.007173  -0.016653  0.007437  0.000000  0.000000  0.000000  2.000000  
116.492019 0.014355  0.089943  -0.014118  0.982154  0.183811  0.039837  -0.075772  0.192841  0.978300  0.172140  -0.963860  0.203327  0.007092  -0.016674  0.007379  0.000000  0.000000  0.000000  2.000000  
116.493258 0.014363  0.089922  -0.014109  0.982131  0.183940  0.039810  -0.075770  0.192831  0.978302  0.172272  -0.963837  0.203323  0.007007  -0.016752  0.007365  0.000000  0.000000  0.000000  2.000000  
116.494262 0.014369  0.089905  -0.014102  0.982147  0.183900  0.039609  -0.075568  0.192869  0.978310  0.172272  -0.963837  0.203323  0.006880  -0.016814  0.007235  0.000000  0.000000  0.000000  2.000000  
116.495509 0.014378  0.089884  -0.014093  0.982124  0.184033  0.039559  -0.075566  0.192978  0.978289  0.172404  -0.963790  0.203435  0.006823  -0.016845  0.007238  0.000000  0.000000  0.000000  2.000000  
116.496761 0.014385  0.089863  -0.014085  0.982139  0.183994  0.039358  -0.075364  0.193016  0.978297  0.172404  -0.963790  0.203435  0.006712  -0.016874  0.007168  0.000000  0.000000  0.000000  2.000000  
116.498009 0.014394  0.089842  -0.014077  0.982116  0.184122  0.039331  -0.075362  0.193006  0.978299  0.172535  -0.963767  0.203430  0.006638  -0.016886  0.007066  0.000000  0.000000  0.000000  2.000000  
116.499012 0.014400  0.089825  -0.014071  0.982132  0.184082  0.039130  -0.075160  0.193044  0.978307  0.172535  -0.963767  0.203430  0.006592  -0.016887  0.007034  0.000000  0.000000  0.000000  2.000000  
116.500259 0.014408  0.089803  -0.014063  0.982109  0.184216  0.039080  -0.075158  0.193153  0.978286  0.172667  -0.963720  0.203542  0.006528  -0.016926  0.006941  0.000000  0.000000  0.000000  2.000000  
116.501260 0.014414  0.089786  -0.014056  0.982124  0.184176  0.038879  -0.074956  0.193191  0.978294  0.172667  -0.963720  0.203542  0.006464  -0.016964  0.006849  0.000000  0.000000  0.000000  2.000000  
116.502260 0.014420  0.089769  -0.014050  0.982101  0.184304  0.038851  -0.074954  0.193181  0.978296  0.172799  -0.963698  0.203537  0.006432  -0.016973  0.006778  0.000000  0.000000  0.000000  2.000000  
116.503510 0.014428  0.089748  -0.014042  0.982093  0.184393  0.038623  -0.074750  0.193209  0.978306  0.172931  -0.963675  0.203533  0.006403  -0.016989  0.006710  0.000000  0.000000  0.000000  2.000000  
116.504770 0.014436  0.089727  -0.014035  0.982070  0.184522  0.038596  -0.074748  0.193199  0.978308  0.173063  -0.963652  0.203528  0.006367  -0.016960  0.006583  0.000000  0.000000  0.000000  2.000000  
116.506007 0.014444  0.089706  -0.014028  0.982086  0.184482  0.038394  -0.074546  0.193237  0.978316  0.173063  -0.963652  0.203528  0.006342  -0.016965  0.006466  0.000000  0.000000  0.000000  2.000000  
116.507013 0.014450  0.089689  -0.014022  0.982063  0.184611  0.038367  -0.074544  0.193227  0.978318  0.173194  -0.963630  0.203523  0.006311  -0.016975  0.006396  0.000000  0.000000  0.000000  2.000000  
116.508259 0.014457  0.089668  -0.014015  0.982055  0.184699  0.038139  -0.074340  0.193256  0.978328  0.173326  -0.963607  0.203518  0.006269  -0.016923  0.006264  0.000000  0.000000  0.000000  2.000000  
116.509263 0.014463  0.089652  -0.014009  0.982032  0.184828  0.038111  -0.074339  0.193246  0.978330  0.173458  -0.963584  0.203513  0.006214  -0.016895  0.006221  0.000000  0.000000  0.000000  2.000000  
116.510509 0.014471  0.089631  -0.014001  0.982024  0.184917  0.037883  -0.074135  0.193274  0.978340  0.173590  -0.963562  0.203509  0.006196  -0.016826  0.006155  0.000000  0.000000  0.000000  2.000000  
116.511763 0.014477  0.089611  -0.013994  0.982001  0.185045  0.037856  -0.074133  0.193265  0.978342  0.173721  -0.963539  0.203504  0.006140  -0.016770  0.006060  0.000000  0.000000  0.000000  2.000000  
116.513008 0.014484  0.089590  -0.013987  0.981993  0.185134  0.037627  -0.073929  0.193293  0.978352  0.173853  -0.963516  0.203499  0.006047  -0.016755  0.005992  0.000000  0.000000  0.000000  2.000000  
116.514009 0.014490  0.089575  -0.013982  0.981969  0.185263  0.037600  -0.073927  0.193283  0.978354  0.173985  -0.963493  0.203494  0.006017  -0.016652  0.005914  0.000000  0.000000  0.000000  2.000000  
116.515012 0.014495  0.089558  -0.013976  0.981946  0.185391  0.037573  -0.073926  0.193274  0.978356  0.174117  -0.963471  0.203489  0.005947  -0.016585  0.005853  0.000000  0.000000  0.000000  2.000000  
116.516259 0.014502  0.089539  -0.013970  0.981938  0.185484  0.037322  -0.073722  0.193421  0.978342  0.174248  -0.963423  0.203601  0.005867  -0.016487  0.005789  0.000000  0.000000  0.000000  2.000000  
116.517506 0.014508  0.089519  -0.013963  0.981915  0.185613  0.037295  -0.073720  0.193411  0.978344  0.174380  -0.963400  0.203597  0.005783  -0.016380  0.005718  0.000000  0.000000  0.000000  2.000000  
116.518762 0.014515  0.089500  -0.013956  0.981884  0.185830  0.037039  -0.073514  0.193430  0.978356  0.174644  -0.963355  0.203587  0.005674  -0.016244  0.005672  0.000000  0.000000  0.000000  2.000000  
116.520006 0.014521  0.089480  -0.013949  0.981860  0.185954  0.037034  -0.073512  0.193302  0.978381  0.174775  -0.963356  0.203465  0.005581  -0.016116  0.005592  0.000000  0.000000  0.000000  2.000000  
116.521006 0.014526  0.089465  -0.013945  0.981837  0.186083  0.037007  -0.073511  0.193292  0.978384  0.174907  -0.963333  0.203460  0.005505  -0.016016  0.005529  0.000000  0.000000  0.000000  2.000000  
116.522013 0.014532  0.089450  -0.013939  0.981814  0.186211  0.036980  -0.073509  0.193283  0.978386  0.175039  -0.963311  0.203456  0.005463  -0.015905  0.005488  0.000000  0.000000  0.000000  2.000000  
116.523257 0.014537  0.089431  -0.013933  0.981805  0.186300  0.036751  -0.073305  0.193311  0.978395  0.175171  -0.963288  0.203451  0.005324  -0.015793  0.005423  0.000000  0.000000  0.000000  2.000000  
116.524261 0.014543  0.089417  -0.013929  0.981782  0.186429  0.036724  -0.073303  0.193302  0.978397  0.175302  -0.963265  0.203446  0.005294  -0.015687  0.005344  0.000000  0.000000  0.000000  2.000000  
116.525268 0.014547  0.089402  -0.013924  0.981759  0.186557  0.036697  -0.073302  0.193292  0.978399  0.175434  -0.963242  0.203441  0.005188  -0.015537  0.005249  0.000000  0.000000  0.000000  2.000000  
116.526509 0.014553  0.089384  -0.013918  0.981712  0.186814  0.036643  -0.073298  0.193273  0.978403  0.175697  -0.963196  0.203431  0.005141  -0.015385  0.005151  0.000000  0.000000  0.000000  2.000000  
116.527509 0.014558  0.089369  -0.013913  0.981688  0.186943  0.036616  -0.073296  0.193263  0.978405  0.175829  -0.963173  0.203427  0.005073  -0.015300  0.005096  0.000000  0.000000  0.000000  2.000000  
116.528510 0.014563  0.089356  -0.013908  0.981665  0.187071  0.036589  -0.073295  0.193254  0.978407  0.175961  -0.963150  0.203422  0.005053  -0.015134  0.005068  0.000000  0.000000  0.000000  2.000000  
116.529764 0.014569  0.089338  -0.013903  0.981618  0.187328  0.036534  -0.073291  0.193235  0.978411  0.176224  -0.963104  0.203412  0.004993  -0.014976  0.005009  0.000000  0.000000  0.000000  2.000000  
116.530771 0.014574  0.089324  -0.013898  0.981594  0.187457  0.036507  -0.073289  0.193225  0.978413  0.176356  -0.963081  0.203407  0.004931  -0.014827  0.004947  0.000000  0.000000  0.000000  2.000000  
116.532006 0.014579  0.089307  -0.013892  0.981571  0.187585  0.036480  -0.073288  0.193215  0.978415  0.176488  -0.963057  0.203402  0.004885  -0.014687  0.004904  0.000000  0.000000  0.000000  2.000000  
116.533006 0.014584  0.089294  -0.013888  0.981524  0.187842  0.036426  -0.073284  0.193196  0.978419  0.176751  -0.963011  0.203392  0.004866  -0.014494  0.004825  0.000000  0.000000  0.000000  2.000000  
116.534007 0.014588  0.089281  -0.013883  0.981500  0.187971  0.036399  -0.073282  0.193187  0.978422  0.176883  -0.962988  0.203388  0.004800  -0.014332  0.004756  0.000000  0.000000  0.000000  2.000000  
116.535008 0.014593  0.089268  -0.013879  0.981476  0.188095  0.036394  -0.073281  0.193058  0.978447  0.177015  -0.962990  0.203266  0.004802  -0.014194  0.004697  0.000000  0.000000  0.000000  2.000000  
116.536260 0.014599  0.089252  -0.013874  0.981453  0.188223  0.036367  -0.073279  0.193049  0.978449  0.177146  -0.962966  0.203261  0.004771  -0.013994  0.004657  0.000000  0.000000  0.000000  2.000000  
116.537510 0.014605  0.089236  -0.013868  0.981405  0.188480  0.036313  -0.073275  0.193030  0.978453  0.177410  -0.962920  0.203251  0.004734  -0.013768  0.004615  0.000000  0.000000  0.000000  2.000000  
116.538770 0.014610  0.089221  -0.013863  0.981382  0.188609  0.036286  -0.073274  0.193020  0.978455  0.177541  -0.962897  0.203246  0.004708  -0.013594  0.004574  0.000000  0.000000  0.000000  2.000000  
116.540014 0.014616  0.089206  -0.013857  0.981334  0.188866  0.036232  -0.073270  0.193001  0.978459  0.177805  -0.962850  0.203236  0.004648  -0.013313  0.004506  0.000000  0.000000  0.000000  2.000000  
116.541264 0.014621  0.089190  -0.013853  0.981311  0.188994  0.036204  -0.073268  0.192991  0.978461  0.177936  -0.962827  0.203232  0.004582  -0.013133  0.004440  0.000000  0.000000  0.000000  2.000000  
116.542512 0.014626  0.089175  -0.013847  0.981263  0.189251  0.036150  -0.073265  0.192972  0.978465  0.178200  -0.962780  0.203222  0.004553  -0.012939  0.004402  0.000000  0.000000  0.000000  2.000000  
116.543763 0.014632  0.089160  -0.013842  0.981239  0.189379  0.036123  -0.073263  0.192962  0.978467  0.178331  -0.962757  0.203217  0.004533  -0.012739  0.004319  0.000000  0.000000  0.000000  2.000000  
116.544774 0.014636  0.089149  -0.013838  0.981215  0.189508  0.036096  -0.073261  0.192953  0.978469  0.178463  -0.962734  0.203212  0.004453  -0.012551  0.004292  0.000000  0.000000  0.000000  2.000000  
116.546061 0.014642  0.089135  -0.013833  0.981168  0.189765  0.036042  -0.073258  0.192934  0.978473  0.178726  -0.962687  0.203202  0.004468  -0.012328  0.004235  0.000000  0.000000  0.000000  2.000000  
116.547261 0.014647  0.089121  -0.013828  0.981144  0.189898  0.035992  -0.073256  0.193043  0.978452  0.178858  -0.962639  0.203314  0.004394  -0.012158  0.004214  0.000000  0.000000  0.000000  2.000000  
116.548507 0.014652  0.089107  -0.013823  0.981096  0.190155  0.035937  -0.073252  0.193024  0.978456  0.179121  -0.962592  0.203304  0.004356  -0.012026  0.004129  0.000000  0.000000  0.000000  2.000000  
116.549507 0.014656  0.089096  -0.013819  0.981072  0.190283  0.035910  -0.073250  0.193014  0.978458  0.179253  -0.962568  0.203299  0.004334  -0.011881  0.004149  0.000000  0.000000  0.000000  2.000000  
116.550509 0.014660  0.089085  -0.013816  0.981072  0.190283  0.035910  -0.073250  0.193014  0.978458  0.179253  -0.962568  0.203299  0.004292  -0.011735  0.004049  0.000000  0.000000  0.000000  2.000000  
116.551755 0.014665  0.089072  -0.013811  0.981024  0.190540  0.035856  -0.073247  0.192995  0.978462  0.179516  -0.962521  0.203289  0.004231  -0.011600  0.004046  0.000000  0.000000  0.000000  2.000000  
116.552759 0.014669  0.089061  -0.013807  0.981024  0.190540  0.035856  -0.073247  0.192995  0.978462  0.179516  -0.962521  0.203289  0.004188  -0.011485  0.004004  0.000000  0.000000  0.000000  2.000000  
116.553759 0.014672  0.089050  -0.013803  0.981000  0.190668  0.035829  -0.073245  0.192985  0.978464  0.179648  -0.962498  0.203284  0.004137  -0.011375  0.004005  0.000000  0.000000  0.000000  2.000000  
116.554772 0.014676  0.089040  -0.013799  0.980976  0.190797  0.035802  -0.073243  0.192976  0.978466  0.179779  -0.962474  0.203279  0.004075  -0.011205  0.003938  0.000000  0.000000  0.000000  2.000000  
116.556007 0.014681  0.089027  -0.013794  0.980968  0.190885  0.035573  -0.073040  0.193005  0.978475  0.179911  -0.962451  0.203274  0.004018  -0.011081  0.003937  0.000000  0.000000  0.000000  2.000000  
116.557012 0.014684  0.089017  -0.013791  0.980968  0.190885  0.035573  -0.073040  0.193005  0.978475  0.179911  -0.962451  0.203274  0.003991  -0.010888  0.003897  0.000000  0.000000  0.000000  2.000000  
116.558260 0.014688  0.089005  -0.013785  0.980944  0.191014  0.035546  -0.073038  0.192996  0.978477  0.180042  -0.962427  0.203269  0.003921  -0.010759  0.003934  0.000000  0.000000  0.000000  2.000000  
116.559265 0.014692  0.088995  -0.013782  0.980920  0.191142  0.035519  -0.073036  0.192986  0.978479  0.180174  -0.962404  0.203264  0.003859  -0.010586  0.003870  0.000000  0.000000  0.000000  2.000000  
116.560509 0.014696  0.088983  -0.013777  0.980920  0.191142  0.035519  -0.073036  0.192986  0.978479  0.180174  -0.962404  0.203264  0.003792  -0.010465  0.003909  0.000000  0.000000  0.000000  2.000000  
116.561761 0.014700  0.088971  -0.013772  0.980895  0.191275  0.035469  -0.073034  0.193095  0.978458  0.180306  -0.962356  0.203376  0.003698  -0.010353  0.003876  0.000000  0.000000  0.000000  2.000000  
116.562770 0.014703  0.088962  -0.013768  0.980910  0.191235  0.035267  -0.072832  0.193135  0.978465  0.180306  -0.962356  0.203376  0.003616  -0.010159  0.003847  0.000000  0.000000  0.000000  2.000000  
116.564009 0.014708  0.088951  -0.013763  0.980910  0.191235  0.035267  -0.072832  0.193135  0.978465  0.180306  -0.962356  0.203376  0.003597  -0.010019  0.003871  0.000000  0.000000  0.000000  2.000000  
116.565011 0.014711  0.088942  -0.013759  0.980886  0.191364  0.035240  -0.072830  0.193125  0.978467  0.180437  -0.962332  0.203371  0.003519  -0.009863  0.003897  0.000000  0.000000  0.000000  2.000000  
116.566254 0.014715  0.088931  -0.013754  0.980886  0.191364  0.035240  -0.072830  0.193125  0.978467  0.180437  -0.962332  0.203371  0.003459  -0.009729  0.003885  0.000000  0.000000  0.000000  2.000000  
116.567256 0.014718  0.088922  -0.013750  0.980886  0.191364  0.035240  -0.072830  0.193125  0.978467  0.180437  -0.962332  0.203371  0.003444  -0.009598  0.003917  0.000000  0.000000  0.000000  2.000000  
116.568504 0.014722  0.088911  -0.013745  0.980901  0.191328  0.035015  -0.072628  0.193283  0.978451  0.180437  -0.962307  0.203488  0.003384  -0.009465  0.003903  0.000000  0.000000  0.000000  2.000000  
116.569510 0.014726  0.088903  -0.013741  0.980901  0.191328  0.035015  -0.072628  0.193283  0.978451  0.180437  -0.962307  0.203488  0.003369  -0.009334  0.003938  0.000000  0.000000  0.000000  2.000000  
116.570769 0.014729  0.088892  -0.013736  0.980877  0.191456  0.034988  -0.072627  0.193274  0.978453  0.180569  -0.962284  0.203483  0.003298  -0.009169  0.003918  0.000000  0.000000  0.000000  2.000000  
116.572011 0.014734  0.088882  -0.013732  0.980877  0.191456  0.034988  -0.072627  0.193274  0.978453  0.180569  -0.962284  0.203483  0.003299  -0.009056  0.003901  0.000000  0.000000  0.000000  2.000000  
116.573260 0.014738  0.088871  -0.013727  0.980892  0.191417  0.034787  -0.072425  0.193313  0.978460  0.180569  -0.962284  0.203483  0.003289  -0.008913  0.003881  0.000000  0.000000  0.000000  2.000000  
116.574261 0.014741  0.088863  -0.013724  0.980892  0.191417  0.034787  -0.072425  0.193313  0.978460  0.180569  -0.962284  0.203483  0.003259  -0.008830  0.003850  0.000000  0.000000  0.000000  2.000000  
116.575266 0.014744  0.088855  -0.013720  0.980892  0.191417  0.034787  -0.072425  0.193313  0.978460  0.180569  -0.962284  0.203483  0.003250  -0.008681  0.003838  0.000000  0.000000  0.000000  2.000000  
116.576509 0.014748  0.088845  -0.013716  0.980907  0.191377  0.034585  -0.072223  0.193353  0.978468  0.180569  -0.962284  0.203483  0.003255  -0.008548  0.003780  0.000000  0.000000  0.000000  2.000000  
