1-Time 2-Px 3-Py 4-Pz 5-R11 6-R21 7-R31 8-R12 9-R22 10-R32 11-R13 12-R23 13-R33 14-Vx 15-Vy 16-Vz 17-Wx 18-Wy 19-Wz 20-state 21-PR11 22-PR21 23-PR31 24-PR12 25-PR22 26-PR32 27-PR13 28-PR23 29-PR33 
50.606470 0.003357  0.092053  -0.019289  0.999975  0.003516  -0.006167  0.005558  0.152502  0.988288  0.004415  -0.988297  0.152478  0.002761  0.002077  0.001817  0.000000  0.000000  0.000000  2.000000  
50.607734 0.003359  0.092056  -0.019287  0.999975  0.003517  -0.006166  0.005558  0.152382  0.988306  0.004415  -0.988315  0.152358  0.002636  0.001994  0.001696  0.000000  0.000000  0.000000  2.000000  
50.608958 0.003362  0.092057  -0.019286  0.999974  0.003648  -0.006187  0.005558  0.152502  0.988287  0.004549  -0.988296  0.152478  0.002527  0.001893  0.001586  0.000000  0.000000  0.000000  2.000000  
50.609966 0.003365  0.092058  -0.019285  0.999974  0.003781  -0.006208  0.005558  0.152503  0.988287  0.004683  -0.988296  0.152478  0.002493  0.001792  0.001526  0.000000  0.000000  0.000000  2.000000  
50.611210 0.003368  0.092060  -0.019281  0.999974  0.003779  -0.006208  0.005558  0.152743  0.988250  0.004683  -0.988259  0.152718  0.002514  0.001800  0.001630  0.000000  0.000000  0.000000  2.000000  
50.612219 0.003372  0.092062  -0.019278  0.999974  0.003778  -0.006209  0.005558  0.152863  0.988232  0.004683  -0.988240  0.152838  0.002540  0.001802  0.001693  0.000000  0.000000  0.000000  2.000000  
50.613470 0.003376  0.092065  -0.019274  0.999975  0.003809  -0.006006  0.005353  0.152982  0.988215  0.004683  -0.988222  0.152958  0.002621  0.001859  0.001832  0.000000  0.000000  0.000000  2.000000  
50.614713 0.003381  0.092069  -0.019270  0.999974  0.003940  -0.006027  0.005353  0.153222  0.988177  0.004817  -0.988184  0.153197  0.002745  0.001941  0.001954  0.000000  0.000000  0.000000  2.000000  
50.615963 0.003387  0.092072  -0.019268  0.999974  0.003938  -0.006028  0.005353  0.153462  0.988140  0.004817  -0.988147  0.153437  0.002903  0.002000  0.002011  0.000000  0.000000  0.000000  2.000000  
50.616964 0.003391  0.092074  -0.019266  0.999973  0.004069  -0.006050  0.005353  0.153702  0.988103  0.004951  -0.988109  0.153676  0.003018  0.002024  0.002041  0.000000  0.000000  0.000000  2.000000  
50.618211 0.003396  0.092078  -0.019265  0.999973  0.004200  -0.006071  0.005353  0.153943  0.988065  0.005084  -0.988071  0.153916  0.003143  0.002117  0.001937  0.000000  0.000000  0.000000  2.000000  
50.619220 0.003400  0.092080  -0.019264  0.999973  0.004362  -0.005890  0.005147  0.154182  0.988029  0.005218  -0.988033  0.154156  0.003252  0.002114  0.001875  0.000000  0.000000  0.000000  2.000000  
50.620467 0.003405  0.092083  -0.019264  0.999972  0.004492  -0.005912  0.005147  0.154542  0.987973  0.005352  -0.987976  0.154515  0.003377  0.002083  0.001740  0.000000  0.000000  0.000000  2.000000  
50.621468 0.003409  0.092084  -0.019265  0.999973  0.004522  -0.005710  0.004941  0.154901  0.987918  0.005352  -0.987920  0.154875  0.003469  0.002048  0.001583  0.000000  0.000000  0.000000  2.000000  
50.622470 0.003413  0.092085  -0.019266  0.999973  0.004652  -0.005733  0.004941  0.155261  0.987861  0.005486  -0.987863  0.155234  0.003618  0.001981  0.001453  0.000000  0.000000  0.000000  2.000000  
50.623713 0.003417  0.092085  -0.019266  0.999974  0.004681  -0.005531  0.004735  0.155740  0.987787  0.005486  -0.987787  0.155713  0.003721  0.001902  0.001349  0.000000  0.000000  0.000000  2.000000  
50.624963 0.003422  0.092086  -0.019265  0.999974  0.004678  -0.005534  0.004735  0.156339  0.987692  0.005486  -0.987692  0.156312  0.003809  0.001872  0.001293  0.000000  0.000000  0.000000  2.000000  
50.625965 0.003425  0.092086  -0.019263  0.999974  0.004840  -0.005354  0.004529  0.156817  0.987617  0.005620  -0.987616  0.156791  0.003877  0.001752  0.001195  0.000000  0.000000  0.000000  2.000000  
50.626965 0.003430  0.092087  -0.019262  0.999974  0.005002  -0.005174  0.004323  0.157296  0.987542  0.005753  -0.987539  0.157270  0.003940  0.001676  0.001131  0.000000  0.000000  0.000000  2.000000  
50.628216 0.003436  0.092089  -0.019259  0.999973  0.005130  -0.005199  0.004323  0.158015  0.987427  0.005887  -0.987423  0.157989  0.004045  0.001601  0.001004  0.000000  0.000000  0.000000  2.000000  
50.629465 0.003441  0.092090  -0.019256  0.999973  0.005423  -0.005042  0.004117  0.158734  0.987313  0.006155  -0.987306  0.158707  0.004081  0.001457  0.000977  -0.191328  -0.043460  0.079702  2.000000  
50.630469 0.003446  0.092091  -0.019254  0.999972  0.005553  -0.005066  0.004117  0.159214  0.987236  0.006288  -0.987229  0.159186  0.004072  0.001356  0.000953  -0.207565  -0.042725  0.084127  2.000000  
50.631713 0.003451  0.092093  -0.019252  0.999972  0.005714  -0.004888  0.003911  0.159931  0.987120  0.006422  -0.987112  0.159904  0.004122  0.001268  0.000977  -0.236099  -0.049542  0.085240  2.000000  
50.632962 0.003457  0.092095  -0.019249  0.999972  0.005875  -0.004711  0.003706  0.160769  0.986985  0.006556  -0.986975  0.160742  0.004128  0.001202  0.001075  -0.266560  -0.055202  0.090071  2.000000  
50.633963 0.003460  0.092097  -0.019247  0.999971  0.006004  -0.004736  0.003706  0.161368  0.986887  0.006690  -0.986876  0.161341  0.004104  0.001112  0.001156  -0.293094  -0.055612  0.090790  2.000000  
50.634966 0.003463  0.092098  -0.019244  0.999970  0.006298  -0.004581  0.003500  0.162086  0.986770  0.006957  -0.986757  0.162059  0.004026  0.001041  0.001355  -0.321546  -0.060996  0.100766  2.000000  
50.636211 0.003467  0.092099  -0.019241  0.999969  0.006426  -0.004608  0.003500  0.162924  0.986632  0.007091  -0.986618  0.162896  0.003938  0.001038  0.001585  -0.354418  -0.054165  0.099764  2.000000  
50.637459 0.003470  0.092099  -0.019238  0.999967  0.006720  -0.004454  0.003294  0.163761  0.986495  0.007359  -0.986477  0.163734  0.003816  0.000957  0.001865  -0.383762  -0.059044  0.108845  2.000000  
50.638460 0.003472  0.092099  -0.019236  0.999967  0.006883  -0.004278  0.003088  0.164478  0.986376  0.007493  -0.986357  0.164451  0.003703  0.000915  0.002015  -0.403874  -0.065765  0.109942  2.000000  
50.639463 0.003473  0.092099  -0.019234  0.999966  0.007012  -0.004305  0.003088  0.165196  0.986256  0.007626  -0.986236  0.165169  0.003533  0.000918  0.002123  -0.431658  -0.066268  0.110874  2.000000  
50.640710 0.003475  0.092100  -0.019231  0.999966  0.007174  -0.004131  0.002882  0.166152  0.986096  0.007760  -0.986074  0.166126  0.003375  0.000919  0.002195  -0.456363  -0.071727  0.115494  2.000000  
50.641958 0.003478  0.092102  -0.019229  0.999964  0.007467  -0.003981  0.002676  0.167228  0.985915  0.008028  -0.985890  0.167202  0.003212  0.000986  0.002169  -0.484698  -0.077010  0.125468  2.000000  
50.642969 0.003480  0.092103  -0.019228  0.999964  0.007631  -0.003806  0.002470  0.167944  0.985793  0.008162  -0.985767  0.167919  0.003022  0.000946  0.002136  -0.508890  -0.083677  0.132049  2.000000  
50.644210 0.003483  0.092105  -0.019225  0.999961  0.007890  -0.003859  0.002470  0.169021  0.985609  0.008429  -0.985581  0.168995  0.002887  0.001002  0.002127  -0.537180  -0.074715  0.138738  2.000000  
50.645218 0.003486  0.092107  -0.019223  0.999961  0.008054  -0.003686  0.002264  0.169856  0.985466  0.008563  -0.985436  0.169831  0.002737  0.001061  0.002117  -0.561892  -0.082077  0.141030  2.000000  
50.646477 0.003489  0.092110  -0.019219  0.999958  0.008481  -0.003561  0.002059  0.170931  0.985281  0.008964  -0.985246  0.170906  0.002567  0.001159  0.002220  -0.590168  -0.087324  0.151035  2.000000  
50.647714 0.003493  0.092113  -0.019215  0.999956  0.008776  -0.003413  0.001853  0.172005  0.985094  0.009232  -0.985057  0.171982  0.002440  0.001187  0.002313  -0.614801  -0.093344  0.156725  2.000000  
50.648962 0.003495  0.092115  -0.019210  0.999952  0.009167  -0.003492  0.001853  0.173081  0.984906  0.009633  -0.984865  0.173056  0.002321  0.001226  0.002484  -0.638101  -0.084247  0.163184  2.000000  
50.650211 0.003497  0.092117  -0.019204  0.999950  0.009462  -0.003347  0.001647  0.174275  0.984696  0.009901  -0.984652  0.174250  0.002196  0.001205  0.002692  -0.666278  -0.090147  0.168765  2.000000  
50.651213 0.003499  0.092117  -0.019199  0.999949  0.009627  -0.003176  0.001441  0.175109  0.984548  0.010035  -0.984502  0.175086  0.002108  0.001235  0.002812  -0.686459  -0.089316  0.173207  2.000000  
50.652213 0.003500  0.092118  -0.019195  0.999946  0.009924  -0.003030  0.001235  0.176062  0.984378  0.010302  -0.984329  0.176041  0.002046  0.001288  0.002945  -0.706607  -0.095231  0.178804  2.000000  
50.653217 0.003501  0.092119  -0.019191  0.999945  0.010089  -0.002860  0.001029  0.177016  0.984208  0.010436  -0.984156  0.176996  0.001986  0.001343  0.003081  -0.724730  -0.095135  0.184807  2.000000  
50.654459 0.003503  0.092120  -0.019186  0.999942  0.010385  -0.002719  0.000823  0.178327  0.983971  0.010704  -0.983917  0.178308  0.001974  0.001380  0.003219  -0.751179  -0.099490  0.193344  2.000000  
50.655464 0.003504  0.092121  -0.019183  0.999939  0.010646  -0.002777  0.000823  0.179282  0.983797  0.010971  -0.983740  0.179262  0.001948  0.001426  0.003275  -0.767243  -0.091816  0.196625  2.000000  
50.656473 0.003506  0.092123  -0.019179  0.999937  0.010943  -0.002634  0.000618  0.180354  0.983602  0.011239  -0.983541  0.180335  0.001935  0.001459  0.003443  -0.787594  -0.096946  0.206703  2.000000  
50.657710 0.003509  0.092126  -0.019175  0.999934  0.011240  -0.002495  0.000412  0.181664  0.983361  0.011506  -0.983296  0.181647  0.001941  0.001568  0.003623  -0.810338  -0.097514  0.208507  2.000000  
50.658963 0.003512  0.092129  -0.019170  0.999931  0.011575  -0.002154  0.000000  0.182971  0.983118  0.011774  -0.983050  0.182958  0.001911  0.001647  0.003775  -0.831878  -0.102524  0.212443  2.000000  
50.659965 0.003515  0.092133  -0.019166  0.999927  0.011836  -0.002216  0.000000  0.184044  0.982918  0.012042  -0.982847  0.184031  0.001946  0.001749  0.003836  -0.850900  -0.102397  0.218710  2.000000  
50.661208 0.003519  0.092137  -0.019162  0.999924  0.012172  -0.001877  -0.000412  0.185350  0.982672  0.012309  -0.982597  0.185341  0.001977  0.001844  0.003850  -0.868081  -0.108107  0.218198  2.000000  
50.662216 0.003522  0.092141  -0.019158  0.999921  0.012471  -0.001738  -0.000618  0.186420  0.982470  0.012577  -0.982391  0.186413  0.002034  0.001946  0.003880  -0.887201  -0.114811  0.225682  2.000000  
50.663468 0.003525  0.092144  -0.019153  0.999915  0.012902  -0.001628  -0.000823  0.187728  0.982221  0.012978  -0.982136  0.187723  0.002045  0.002018  0.003880  -0.903518  -0.113001  0.234676  2.000000  
50.664713 0.003528  0.092147  -0.019149  0.999910  0.013372  -0.001318  -0.001235  0.189152  0.981947  0.013379  -0.981857  0.189151  0.002120  0.002090  0.003835  -0.924353  -0.117031  0.242867  2.000000  
50.665963 0.003531  0.092149  -0.019143  0.999906  0.013672  -0.001186  -0.001441  0.190578  0.981671  0.013647  -0.981577  0.190580  0.002206  0.002157  0.003845  -0.944135  -0.124500  0.246254  2.000000  
50.666966 0.003533  0.092151  -0.019139  0.999902  0.013972  -0.001051  -0.001647  0.191646  0.981463  0.013915  -0.981365  0.191650  0.002265  0.002211  0.003787  -0.956197  -0.123459  0.250758  2.000000  
50.668213 0.003537  0.092153  -0.019133  0.999895  0.014444  -0.000744  -0.002058  0.193068  0.981183  0.014316  -0.981079  0.193077  0.002379  0.002281  0.003863  -0.976553  -0.129187  0.256589  2.000000  
50.669465 0.003540  0.092155  -0.019127  0.999889  0.014917  -0.000440  -0.002470  0.194489  0.980902  0.014717  -0.980791  0.194504  0.002491  0.002368  0.003926  -0.992522  -0.140849  0.268047  2.000000  
50.670466 0.003543  0.092158  -0.019122  0.999884  0.015219  -0.000306  -0.002676  0.195556  0.980689  0.014985  -0.980574  0.195574  0.002602  0.002451  0.004084  -1.004733  -0.139794  0.272603  2.000000  
50.671473 0.003546  0.092160  -0.019116  0.999879  0.015562  0.000026  -0.003088  0.196738  0.980451  0.015252  -0.980333  0.196762  0.002670  0.002494  0.004174  -1.016540  -0.145455  0.278344  2.000000  
50.672710 0.003551  0.092163  -0.019110  0.999871  0.016037  0.000328  -0.003499  0.198157  0.980164  0.015654  -0.980039  0.198188  0.002777  0.002502  0.004291  -1.033533  -0.151216  0.284438  2.000000  
50.673960 0.003556  0.092167  -0.019104  0.999863  0.016513  0.000626  -0.003911  0.199694  0.979850  0.016055  -0.979719  0.199732  0.002936  0.002533  0.004351  -1.048666  -0.161416  0.293465  2.000000  
50.675213 0.003562  0.092172  -0.019099  0.999855  0.016990  0.000920  -0.004323  0.201350  0.979510  0.016456  -0.979372  0.201394  0.003064  0.002538  0.004393  -1.068903  -0.166949  0.299397  2.000000  
50.676214 0.003566  0.092175  -0.019096  0.999850  0.017295  0.001047  -0.004529  0.202533  0.979265  0.016724  -0.979123  0.202581  0.003174  0.002505  0.004377  -1.082157  -0.168885  0.297761  2.000000  
50.677458 0.003571  0.092178  -0.019092  0.999840  0.017815  0.001544  -0.005146  0.203945  0.978969  0.017125  -0.978820  0.204004  0.003257  0.002445  0.004354  -1.092960  -0.186516  0.303709  2.000000  
50.678472 0.003576  0.092181  -0.019089  0.999834  0.018121  0.001665  -0.005352  0.205365  0.978671  0.017393  -0.978518  0.205428  0.003378  0.002406  0.004295  -1.113563  -0.187566  0.306294  2.000000  
50.679713 0.003580  0.092182  -0.019085  0.999824  0.018644  0.002158  -0.005969  0.206894  0.978345  0.017794  -0.978186  0.206969  0.003471  0.002347  0.004239  -1.124555  -0.198294  0.311060  2.000000  
50.680964 0.003586  0.092184  -0.019082  0.999817  0.018995  0.002475  -0.006381  0.208427  0.978017  0.018062  -0.977853  0.208510  0.003659  0.002328  0.004085  -1.140590  -0.204617  0.312647  2.000000  
50.682213 0.003591  0.092185  -0.019078  0.999806  0.019478  0.002766  -0.006793  0.209840  0.977712  0.018463  -0.977542  0.209932  0.003810  0.002277  0.003966  -1.148464  -0.210066  0.318614  2.000000  
50.683213 0.003594  0.092186  -0.019075  0.999799  0.019829  0.003088  -0.007204  0.211016  0.977456  0.018731  -0.977281  0.211116  0.003899  0.002247  0.003847  -1.156538  -0.215610  0.324590  2.000000  
50.684467 0.003600  0.092187  -0.019071  0.999786  0.020358  0.003575  -0.007822  0.212542  0.977121  0.019132  -0.976940  0.212656  0.004026  0.002145  0.003715  -1.165645  -0.230420  0.330285  2.000000  
50.685712 0.003606  0.092188  -0.019067  0.999775  0.020843  0.003861  -0.008233  0.213952  0.976809  0.019533  -0.976622  0.214076  0.004163  0.001967  0.003506  -1.169542  -0.235859  0.336385  2.000000  
50.686966 0.003613  0.092189  -0.019064  0.999764  0.021329  0.004147  -0.008645  0.215362  0.976496  0.019935  -0.976301  0.215495  0.004320  0.001838  0.003306  -1.173205  -0.241235  0.342433  2.000000  
50.688213 0.003619  0.092190  -0.019060  0.999752  0.021817  0.004428  -0.009056  0.216889  0.976154  0.020336  -0.975952  0.217033  0.004444  0.001640  0.003180  -1.181327  -0.246653  0.348626  2.000000  
50.689458 0.003626  0.092191  -0.019057  0.999738  0.022351  0.004906  -0.009674  0.218529  0.975782  0.020737  -0.975574  0.218688  0.004563  0.001472  0.003047  -1.195730  -0.256748  0.353270  2.000000  
50.690472 0.003632  0.092192  -0.019054  0.999731  0.022663  0.005021  -0.009879  0.219705  0.975516  0.021005  -0.975303  0.219870  0.004637  0.001242  0.002936  -1.200957  -0.258309  0.356373  2.000000  
50.691711 0.003640  0.092192  -0.019050  0.999713  0.023329  0.005469  -0.010497  0.221224  0.975167  0.021540  -0.974944  0.221405  0.004762  0.001002  0.002905  -1.207475  -0.267458  0.365487  2.000000  
50.692966 0.003647  0.092191  -0.019047  0.999700  0.023820  0.005747  -0.010908  0.222629  0.974842  0.021941  -0.974612  0.222822  0.004891  0.000737  0.002879  -1.208922  -0.269031  0.368858  2.000000  
50.694210 0.003654  0.092190  -0.019043  0.999686  0.024311  0.006023  -0.011320  0.224033  0.974516  0.022343  -0.974278  0.224238  0.004990  0.000517  0.002881  -1.211032  -0.272179  0.371993  2.000000  
50.695216 0.003659  0.092188  -0.019041  0.999678  0.024626  0.006131  -0.011526  0.225326  0.974215  0.022610  -0.973972  0.225537  0.005095  0.000305  0.002872  -1.217004  -0.268076  0.369621  2.000000  
50.696475 0.003665  0.092185  -0.019038  0.999661  0.025167  0.006602  -0.012143  0.226841  0.973856  0.023011  -0.973606  0.227070  0.005191  0.000035  0.002779  -1.222815  -0.277871  0.374172  2.000000  
50.697715 0.003671  0.092183  -0.019036  0.999650  0.025532  0.006902  -0.012554  0.228363  0.973495  0.023279  -0.973241  0.228604  0.005276  -0.000209  0.002720  -1.228588  -0.281416  0.368894  2.000000  
50.698962 0.003677  0.092179  -0.019033  0.999636  0.026027  0.007174  -0.012966  0.229764  0.973160  0.023680  -0.972898  0.230018  0.005306  -0.000517  0.002602  -1.226347  -0.284377  0.372054  2.000000  
50.699963 0.003682  0.092176  -0.019032  0.999624  0.026391  0.007481  -0.013377  0.230930  0.972878  0.023948  -0.972612  0.231196  0.005356  -0.000777  0.002505  -1.232483  -0.286288  0.375546  2.000000  
50.700964 0.003687  0.092174  -0.019030  0.999614  0.026708  0.007587  -0.013583  0.232101  0.972597  0.024215  -0.972325  0.232375  0.005338  -0.001000  0.002421  -1.232376  -0.286797  0.371503  2.000000  
50.702213 0.003694  0.092170  -0.019027  0.999599  0.027207  0.007848  -0.013995  0.233736  0.972199  0.024616  -0.971919  0.234023  0.005346  -0.001294  0.002360  -1.236238  -0.286169  0.371950  2.000000  
50.703214 0.003699  0.092167  -0.019026  0.999587  0.027573  0.008152  -0.014406  0.234900  0.971913  0.024884  -0.971628  0.235200  0.005296  -0.001565  0.002304  -1.236150  -0.285718  0.372299  2.000000  
50.704459 0.003706  0.092163  -0.019022  0.999570  0.028073  0.008414  -0.014817  0.236415  0.971539  0.025285  -0.971246  0.236730  0.005265  -0.001905  0.002311  -1.235236  -0.282146  0.374391  2.000000  
50.705459 0.003711  0.092160  -0.019020  0.999557  0.028442  0.008712  -0.015229  0.237696  0.971220  0.025553  -0.970923  0.238024  0.005240  -0.002112  0.002289  -1.235884  -0.284622  0.373121  2.000000  
50.706475 0.003716  0.092156  -0.019017  0.999544  0.028811  0.009014  -0.015640  0.238858  0.970929  0.025820  -0.970627  0.239200  0.005137  -0.002441  0.002271  -1.239138  -0.290802  0.374804  2.000000  
50.707710 0.003722  0.092150  -0.019014  0.999531  0.029184  0.009303  -0.016052  0.240373  0.970548  0.026088  -0.970242  0.240728  0.005082  -0.002760  0.002237  -1.237511  -0.288001  0.372314  2.000000  
50.708713 0.003726  0.092145  -0.019010  0.999524  0.029374  0.009435  -0.016258  0.241542  0.970254  0.026222  -0.969946  0.241904  0.004998  -0.003053  0.002271  -1.233516  -0.281830  0.366788  2.000000  
50.709967 0.003731  0.092138  -0.019007  0.999507  0.029877  0.009694  -0.016669  0.242935  0.969899  0.026623  -0.969582  0.243313  0.004913  -0.003393  0.002288  -1.227328  -0.277787  0.364341  2.000000  
50.711213 0.003736  0.092131  -0.019003  0.999492  0.030252  0.009981  -0.017080  0.244447  0.969512  0.026890  -0.969191  0.244840  0.004848  -0.003640  0.002375  -1.227454  -0.278286  0.360470  2.000000  
50.712216 0.003740  0.092125  -0.019000  0.999482  0.030495  0.010310  -0.017492  0.245608  0.969211  0.027024  -0.968889  0.246014  0.004770  -0.003896  0.002460  -1.227161  -0.278823  0.356363  2.000000  
50.713467 0.003745  0.092119  -0.018996  0.999467  0.030872  0.010595  -0.017903  0.247119  0.968820  0.027292  -0.968493  0.247540  0.004701  -0.004114  0.002538  -1.231033  -0.279293  0.352383  2.000000  
50.714473 0.003749  0.092112  -0.018993  0.999456  0.031195  0.010690  -0.018109  0.248283  0.968518  0.027559  -0.968185  0.248713  0.004585  -0.004400  0.002605  -1.230811  -0.272069  0.351041  2.000000  
50.715714 0.003754  0.092106  -0.018989  0.999441  0.031573  0.010977  -0.018520  0.249675  0.968153  0.027827  -0.967815  0.250120  0.004508  -0.004615  0.002751  -1.231209  -0.272713  0.347208  2.000000  
50.716967 0.003759  0.092099  -0.018986  0.999426  0.031951  0.011262  -0.018932  0.251066  0.967785  0.028094  -0.967443  0.251527  0.004416  -0.004857  0.002801  -1.226921  -0.265396  0.345923  2.000000  
50.718211 0.003764  0.092092  -0.018983  0.999411  0.032328  0.011550  -0.019343  0.252339  0.967446  0.028362  -0.967099  0.252815  0.004343  -0.005035  0.002865  -1.220885  -0.270554  0.340771  2.000000  
50.719213 0.003768  0.092086  -0.018980  0.999399  0.032576  0.011875  -0.019754  0.253496  0.967135  0.028495  -0.966788  0.253987  0.004230  -0.005221  0.002887  -1.214608  -0.267662  0.333570  2.000000  
50.720466 0.003773  0.092079  -0.018976  0.999383  0.032958  0.012153  -0.020166  0.255002  0.966730  0.028763  -0.966379  0.255509  0.004172  -0.005416  0.002910  -1.216792  -0.271728  0.332911  2.000000  
50.721708 0.003778  0.092071  -0.018973  0.999367  0.033340  0.012434  -0.020577  0.256390  0.966354  0.029030  -0.965998  0.256914  0.004064  -0.005566  0.002900  -1.212647  -0.266662  0.322981  2.000000  
50.722710 0.003781  0.092064  -0.018970  0.999359  0.033537  0.012558  -0.020783  0.257553  0.966041  0.029164  -0.965682  0.258084  0.003989  -0.005711  0.002906  -1.212523  -0.267328  0.318959  2.000000  
50.723713 0.003785  0.092058  -0.018967  0.999346  0.033787  0.012885  -0.021194  0.258590  0.965755  0.029298  -0.965396  0.259137  0.003937  -0.005786  0.002878  -1.210358  -0.271329  0.313244  2.000000  
50.724713 0.003789  0.092052  -0.018963  0.999334  0.034114  0.012973  -0.021400  0.259749  0.965439  0.029565  -0.965073  0.260306  0.003895  -0.005864  0.002943  -1.208451  -0.262072  0.309263  2.000000  
50.725962 0.003793  0.092043  -0.018960  0.999317  0.034498  0.013250  -0.021811  0.261134  0.965056  0.029833  -0.964686  0.261708  0.003850  -0.005963  0.002921  -1.202199  -0.264843  0.307950  2.000000  
50.726963 0.003796  0.092037  -0.018956  0.999308  0.034697  0.013372  -0.022017  0.262295  0.964737  0.029966  -0.964364  0.262877  0.003790  -0.006005  0.002932  -1.204455  -0.256770  0.299654  2.000000  
50.728214 0.003801  0.092029  -0.018952  0.999291  0.035085  0.013643  -0.022428  0.263796  0.964318  0.030234  -0.963940  0.264396  0.003797  -0.006064  0.002940  -1.206707  -0.259607  0.298350  2.000000  
50.729464 0.003806  0.092022  -0.018948  0.999274  0.035472  0.013918  -0.022839  0.265179  0.963929  0.030501  -0.963547  0.265796  0.003821  -0.006007  0.002999  -1.204221  -0.256954  0.296100  2.000000  
50.730475 0.003810  0.092017  -0.018945  0.999265  0.035671  0.014042  -0.023045  0.266220  0.963637  0.030635  -0.963252  0.266847  0.003795  -0.006008  0.003025  -1.197636  -0.254152  0.288375  2.000000  
50.731712 0.003815  0.092010  -0.018941  0.999247  0.036059  0.014315  -0.023456  0.267602  0.963244  0.030903  -0.962855  0.268246  0.003800  -0.006003  0.003074  -1.191911  -0.258377  0.288161  2.000000  
50.732712 0.003819  0.092005  -0.018937  0.999234  0.036387  0.014402  -0.023661  0.268640  0.962950  0.031170  -0.962553  0.269295  0.003777  -0.006010  0.003105  -1.186361  -0.248000  0.283197  2.000000  
50.733713 0.003824  0.092000  -0.018935  0.999220  0.036644  0.014718  -0.024073  0.269790  0.962618  0.031304  -0.962222  0.270461  0.003810  -0.005964  0.003079  -1.185561  -0.255373  0.280770  2.000000  
50.734963 0.003829  0.091994  -0.018931  0.999207  0.036979  0.014790  -0.024278  0.271177  0.962223  0.031571  -0.961819  0.271859  0.003813  -0.005890  0.003120  -1.183970  -0.246257  0.277042  2.000000  
50.735964 0.003833  0.091989  -0.018928  0.999188  0.037366  0.015068  -0.024689  0.272322  0.961889  0.031839  -0.961480  0.273023  0.003867  -0.005793  0.003103  -1.177321  -0.247873  0.279681  2.000000  
50.737237 0.003838  0.091983  -0.018924  0.999179  0.037573  0.015175  -0.024895  0.273711  0.961490  0.031972  -0.961078  0.274422  0.003846  -0.005663  0.003124  -1.176708  -0.241785  0.273740  2.000000  
50.738472 0.003842  0.091976  -0.018921  0.999160  0.037967  0.015438  -0.025306  0.275205  0.961053  0.032240  -0.960636  0.275934  0.003885  -0.005548  0.003142  -1.177188  -0.241466  0.274251  2.000000  
50.739713 0.003848  0.091971  -0.018917  0.999141  0.038360  0.015704  -0.025717  0.276581  0.960646  0.032507  -0.960225  0.277330  0.003944  -0.005412  0.003080  -1.177617  -0.242344  0.270382  2.000000  
50.740961 0.003853  0.091965  -0.018914  0.999127  0.038695  0.015776  -0.025923  0.277848  0.960275  0.032775  -0.959845  0.278608  0.004002  -0.005223  0.003060  -1.169504  -0.235254  0.268903  2.000000  
50.742208 0.003859  0.091960  -0.018910  0.999107  0.039092  0.016035  -0.026334  0.279339  0.959831  0.033042  -0.959396  0.280119  0.004079  -0.005058  0.003009  -1.172091  -0.231797  0.271351  2.000000  
50.743214 0.003863  0.091956  -0.018908  0.999097  0.039295  0.016152  -0.026540  0.280375  0.959523  0.033176  -0.959086  0.281165  0.004131  -0.004858  0.002979  -1.165552  -0.227851  0.267721  2.000000  
50.744462 0.003870  0.091952  -0.018904  0.999077  0.039691  0.016414  -0.026951  0.281749  0.959110  0.033443  -0.958667  0.282558  0.004235  -0.004677  0.002994  -1.163941  -0.232269  0.267684  2.000000  
50.745468 0.003875  0.091949  -0.018901  0.999063  0.040024  0.016492  -0.027156  0.282780  0.958800  0.033711  -0.958349  0.283602  0.004313  -0.004514  0.002944  -1.161050  -0.227095  0.268251  2.000000  
50.746479 0.003880  0.091947  -0.018897  0.999042  0.040415  0.016767  -0.027567  0.283803  0.958486  0.033978  -0.958030  0.284646  0.004402  -0.004295  0.002936  -1.160559  -0.226719  0.268403  2.000000  
50.747712 0.003886  0.091943  -0.018894  0.999027  0.040752  0.016834  -0.027773  0.285066  0.958105  0.034246  -0.957641  0.285921  0.004458  -0.004107  0.002919  -1.157120  -0.219778  0.266970  2.000000  
50.748713 0.003891  0.091941  -0.018890  0.999007  0.041144  0.017107  -0.028184  0.286088  0.957789  0.034513  -0.957320  0.286964  0.004523  -0.003961  0.002952  -1.152849  -0.224926  0.273443  2.000000  
50.749714 0.003897  0.091938  -0.018887  0.998996  0.041350  0.017221  -0.028389  0.287121  0.957473  0.034647  -0.957001  0.288007  0.004632  -0.003764  0.002956  -1.148868  -0.217937  0.271802  2.000000  
50.750963 0.003903  0.091935  -0.018883  0.998981  0.041688  0.017285  -0.028595  0.288383  0.957088  0.034914  -0.956607  0.289281  0.004677  -0.003601  0.002982  -1.144897  -0.210894  0.270208  2.000000  
50.752212 0.003910  0.091932  -0.018879  0.998960  0.042086  0.017546  -0.029006  0.289635  0.956698  0.035182  -0.956211  0.290554  0.004813  -0.003389  0.003010  -1.140804  -0.210525  0.270515  2.000000  
50.753213 0.003915  0.091930  -0.018876  0.998944  0.042421  0.017619  -0.029211  0.290663  0.956379  0.035449  -0.955885  0.291595  0.004922  -0.003178  0.003013  -1.136538  -0.208949  0.275048  2.000000  
50.754472 0.003922  0.091927  -0.018873  0.998929  0.042762  0.017675  -0.029417  0.292039  0.955954  0.035717  -0.955450  0.292984  0.005006  -0.002955  0.003006  -1.136545  -0.201875  0.273402  2.000000  
50.755710 0.003929  0.091925  -0.018869  0.998907  0.043162  0.017933  -0.029828  0.293288  0.955559  0.035984  -0.955049  0.294255  0.005129  -0.002733  0.003071  -1.132819  -0.201566  0.273784  2.000000  
50.756964 0.003936  0.091923  -0.018865  0.998896  0.043376  0.018027  -0.030033  0.294666  0.955128  0.036118  -0.954615  0.295644  0.005216  -0.002512  0.003067  -1.128623  -0.194454  0.272080  2.000000  
50.758210 0.003943  0.091922  -0.018861  0.998880  0.043716  0.018087  -0.030238  0.295924  0.954733  0.036385  -0.954211  0.296914  0.005318  -0.002299  0.003084  -1.123545  -0.192549  0.270142  2.000000  
50.759463 0.003950  0.091921  -0.018858  0.998858  0.044118  0.018341  -0.030649  0.297172  0.954332  0.036653  -0.953804  0.298184  0.005400  -0.002075  0.003064  -1.119357  -0.192157  0.270392  2.000000  
50.760708 0.003958  0.091920  -0.018854  0.998842  0.044457  0.018404  -0.030855  0.298312  0.953970  0.036920  -0.953433  0.299338  0.005483  -0.001918  0.003031  -1.115554  -0.185245  0.268711  2.000000  
50.761717 0.003965  0.091920  -0.018851  0.998830  0.044666  0.018512  -0.031060  0.299340  0.953641  0.037054  -0.953100  0.300377  0.005585  -0.001761  0.003036  -1.112245  -0.187667  0.266798  2.000000  
50.762963 0.003972  0.091919  -0.018847  0.998808  0.045069  0.018764  -0.031471  0.300586  0.953235  0.037321  -0.952689  0.301646  0.005645  -0.001563  0.003051  -1.108326  -0.186042  0.271419  2.000000  
50.763964 0.003978  0.091918  -0.018844  0.998796  0.045279  0.018870  -0.031677  0.301613  0.952904  0.037455  -0.952355  0.302684  0.005728  -0.001440  0.003052  -1.104113  -0.187004  0.267303  2.000000  
50.765215 0.003986  0.091917  -0.018840  0.998780  0.045619  0.018930  -0.031882  0.302751  0.952536  0.037722  -0.951977  0.303836  0.005788  -0.001268  0.003078  -1.096128  -0.180023  0.265557  2.000000  
50.766477 0.003994  0.091916  -0.018836  0.998768  0.045834  0.019025  -0.032087  0.304008  0.952129  0.037856  -0.951566  0.305104  0.005898  -0.001118  0.003096  -1.091817  -0.174267  0.259399  2.000000  
50.767712 0.004002  0.091915  -0.018832  0.998744  0.046237  0.019279  -0.032498  0.305136  0.951754  0.038123  -0.951186  0.306255  0.005991  -0.000997  0.003102  -1.079872  -0.180614  0.261795  2.000000  
50.768963 0.004009  0.091914  -0.018827  0.998733  0.046453  0.019372  -0.032704  0.306392  0.951344  0.038257  -0.950771  0.307522  0.006032  -0.000926  0.003142  -1.075850  -0.173608  0.259986  2.000000  
50.770208 0.004017  0.091914  -0.018823  0.998721  0.046667  0.019470  -0.032909  0.307532  0.950969  0.038391  -0.950393  0.308674  0.006117  -0.000805  0.003145  -1.071205  -0.173224  0.253832  2.000000  
50.771208 0.004024  0.091913  -0.018820  0.998704  0.047005  0.019532  -0.033114  0.308551  0.950631  0.038658  -0.950046  0.309708  0.006178  -0.000755  0.003182  -1.067305  -0.165052  0.256260  2.000000  
50.772210 0.004030  0.091913  -0.018817  0.998692  0.047215  0.019641  -0.033320  0.309460  0.950329  0.038792  -0.949740  0.310628  0.006249  -0.000651  0.003158  -1.059775  -0.167432  0.254284  2.000000  
50.773459 0.004039  0.091913  -0.018813  0.998680  0.047430  0.019737  -0.033525  0.310598  0.949950  0.038926  -0.949357  0.311778  0.006336  -0.000586  0.003186  -1.052078  -0.161862  0.248218  2.000000  
50.774713 0.004048  0.091912  -0.018809  0.998660  0.047711  0.020023  -0.033936  0.311842  0.949528  0.039059  -0.948935  0.313043  0.006384  -0.000551  0.003197  -1.050994  -0.168073  0.244104  2.000000  
50.775973 0.004057  0.091912  -0.018805  0.998648  0.047924  0.020124  -0.034142  0.312864  0.949184  0.039193  -0.948588  0.314077  0.006457  -0.000546  0.003248  -1.039169  -0.163813  0.239918  2.000000  
50.777210 0.004065  0.091911  -0.018801  0.998636  0.048140  0.020219  -0.034347  0.314001  0.948801  0.039327  -0.948201  0.315226  0.006488  -0.000534  0.003241  -1.035181  -0.157038  0.231887  2.000000  
50.778213 0.004072  0.091911  -0.018798  0.998624  0.048351  0.020326  -0.034553  0.314907  0.948493  0.039460  -0.947890  0.316144  0.006557  -0.000524  0.003222  -1.031159  -0.158152  0.227810  2.000000  
50.779466 0.004081  0.091910  -0.018794  0.998604  0.048630  0.020621  -0.034964  0.315918  0.948142  0.039594  -0.947539  0.317177  0.006647  -0.000522  0.003238  -1.023202  -0.160493  0.225590  2.000000  
50.780718 0.004089  0.091908  -0.018790  0.998591  0.048847  0.020714  -0.035169  0.317053  0.947755  0.039728  -0.947149  0.318325  0.006677  -0.000551  0.003171  -1.019022  -0.161562  0.221497  2.000000  
50.781966 0.004098  0.091907  -0.018786  0.998579  0.049065  0.020807  -0.035374  0.318188  0.947367  0.039861  -0.946757  0.319472  0.006727  -0.000573  0.003207  -1.015199  -0.156073  0.215317  2.000000  
50.783213 0.004106  0.091905  -0.018782  0.998566  0.049279  0.020906  -0.035580  0.319207  0.947017  0.039995  -0.946403  0.320503  0.006778  -0.000650  0.003157  -1.002892  -0.157169  0.211227  2.000000  
50.784464 0.004115  0.091904  -0.018778  0.998546  0.049561  0.021199  -0.035991  0.320216  0.946661  0.040129  -0.946047  0.321534  0.006851  -0.000681  0.003190  -0.994634  -0.163591  0.207586  2.000000  
50.785465 0.004122  0.091902  -0.018774  0.998533  0.049774  0.021303  -0.036196  0.321120  0.946347  0.040263  -0.945730  0.322451  0.006892  -0.000754  0.003178  -0.990580  -0.159468  0.203024  2.000000  
50.786478 0.004129  0.091901  -0.018771  0.998520  0.049984  0.021412  -0.036401  0.321908  0.946071  0.040396  -0.945450  0.323252  0.006917  -0.000770  0.003173  -0.981933  -0.159194  0.203082  2.000000  
50.787709 0.004139  0.091900  -0.018767  0.998513  0.050074  0.021552  -0.036607  0.322931  0.945714  0.040396  -0.945097  0.324284  0.006993  -0.000841  0.003229  -0.974325  -0.161834  0.194844  2.000000  
50.788751 0.004146  0.091899  -0.018764  0.998500  0.050286  0.021661  -0.036812  0.323719  0.945437  0.040530  -0.944816  0.325084  0.007013  -0.000913  0.003208  -0.964832  -0.161425  0.194736  2.000000  
50.789960 0.004156  0.091897  -0.018759  0.998487  0.050502  0.021757  -0.037018  0.324736  0.945080  0.040664  -0.944456  0.326114  0.007078  -0.001036  0.003259  -0.958253  -0.161513  0.189354  2.000000  
50.790962 0.004163  0.091896  -0.018755  0.998474  0.050714  0.021865  -0.037223  0.325523  0.944801  0.040797  -0.944173  0.326914  0.007110  -0.001085  0.003311  -0.949919  -0.157454  0.184623  2.000000  
50.792210 0.004173  0.091893  -0.018751  0.998453  0.050999  0.022154  -0.037634  0.326528  0.944438  0.040931  -0.943811  0.327942  0.007200  -0.001202  0.003339  -0.942038  -0.162506  0.185477  2.000000  
50.793213 0.004180  0.091891  -0.018748  0.998440  0.051211  0.022261  -0.037839  0.327315  0.944157  0.041065  -0.943527  0.328742  0.007197  -0.001299  0.003345  -0.937532  -0.163649  0.187172  2.000000  
50.794460 0.004189  0.091889  -0.018744  0.998432  0.051303  0.022400  -0.038045  0.328335  0.943795  0.041065  -0.943167  0.329772  0.007205  -0.001420  0.003361  -0.929818  -0.164930  0.177352  2.000000  
50.795468 0.004197  0.091886  -0.018740  0.998419  0.051516  0.022506  -0.038250  0.329121  0.943513  0.041198  -0.942882  0.330571  0.007271  -0.001520  0.003387  -0.920955  -0.166059  0.178958  2.000000  
50.796476 0.004204  0.091883  -0.018737  0.998405  0.051729  0.022612  -0.038455  0.329906  0.943230  0.041332  -0.942595  0.331369  0.007312  -0.001617  0.003380  -0.917507  -0.164572  0.177638  2.000000  
50.797714 0.004213  0.091880  -0.018733  0.998384  0.052013  0.022906  -0.038866  0.330795  0.942902  0.041466  -0.942268  0.332282  0.007334  -0.001743  0.003359  -0.908728  -0.167148  0.175043  2.000000  
50.798714 0.004221  0.091877  -0.018730  0.998376  0.052100  0.023056  -0.039072  0.331585  0.942616  0.041466  -0.941986  0.333082  0.007391  -0.001866  0.003363  -0.900602  -0.168427  0.170953  2.000000  
50.799962 0.004230  0.091873  -0.018726  0.998356  0.052443  0.023110  -0.039277  0.332479  0.942293  0.041733  -0.941652  0.333992  0.007422  -0.001977  0.003334  -0.892325  -0.166777  0.175378  2.000000  
50.801212 0.004239  0.091870  -0.018722  0.998335  0.052728  0.023402  -0.039688  0.333366  0.941962  0.041867  -0.941322  0.334904  0.007441  -0.002142  0.003328  -0.880128  -0.174638  0.173614  2.000000  
50.802473 0.004249  0.091866  -0.018718  0.998321  0.052943  0.023506  -0.039893  0.334150  0.941675  0.042000  -0.941032  0.335701  0.007453  -0.002287  0.003306  -0.867552  -0.167800  0.171438  2.000000  
50.803713 0.004258  0.091862  -0.018714  0.998307  0.053160  0.023604  -0.040098  0.335048  0.941348  0.042134  -0.940700  0.336612  0.007475  -0.002446  0.003317  -0.859667  -0.167669  0.171680  2.000000  
50.804961 0.004268  0.091858  -0.018710  0.998285  0.053447  0.023894  -0.040509  0.335934  0.941014  0.042268  -0.940368  0.337523  0.007455  -0.002662  0.003248  -0.847242  -0.175498  0.169899  2.000000  
50.805963 0.004275  0.091853  -0.018707  0.998271  0.053660  0.024004  -0.040715  0.336603  0.940766  0.042401  -0.940117  0.338205  0.007448  -0.002836  0.003213  -0.844433  -0.172512  0.172861  2.000000  
50.807210 0.004285  0.091849  -0.018703  0.998257  0.053878  0.024100  -0.040920  0.337499  0.940436  0.042535  -0.939783  0.339115  0.007467  -0.002985  0.003238  -0.836052  -0.172268  0.172994  2.000000  
50.808465 0.004294  0.091844  -0.018699  0.998243  0.054094  0.024203  -0.041125  0.338281  0.940146  0.042669  -0.939489  0.339911  0.007459  -0.003160  0.003203  -0.823934  -0.172097  0.173180  2.000000  
50.809711 0.004303  0.091837  -0.018694  0.998214  0.054508  0.024446  -0.041536  0.339161  0.939811  0.042936  -0.939148  0.340819  0.007443  -0.003372  0.003243  -0.819910  -0.170460  0.177581  2.000000  
50.810711 0.004310  0.091833  -0.018691  0.998200  0.054718  0.024561  -0.041741  0.339714  0.939602  0.043070  -0.938936  0.341386  0.007420  -0.003539  0.003244  -0.807822  -0.170334  0.177731  2.000000  
50.811719 0.004317  0.091828  -0.018687  0.998185  0.054932  0.024668  -0.041946  0.340381  0.939351  0.043204  -0.938682  0.342068  0.007390  -0.003675  0.003292  -0.798001  -0.171533  0.179331  2.000000  
50.812963 0.004326  0.091821  -0.018683  0.998171  0.055148  0.024769  -0.042151  0.341162  0.939059  0.043337  -0.938385  0.342863  0.007385  -0.003874  0.003305  -0.789895  -0.171374  0.179514  2.000000  
50.814213 0.004335  0.091815  -0.018679  0.998151  0.055491  0.024824  -0.042356  0.341937  0.938768  0.043605  -0.938083  0.343655  0.007391  -0.004023  0.003312  -0.782041  -0.163193  0.181632  2.000000  
50.815216 0.004342  0.091810  -0.018676  0.998136  0.055704  0.024931  -0.042562  0.342604  0.938515  0.043738  -0.937827  0.344336  0.007342  -0.004196  0.003304  -0.773793  -0.163023  0.181755  2.000000  
50.816476 0.004351  0.091804  -0.018671  0.998115  0.056047  0.024984  -0.042767  0.343378  0.938223  0.044006  -0.937523  0.345128  0.007332  -0.004314  0.003355  -0.767394  -0.160037  0.184602  2.000000  
50.817714 0.004360  0.091798  -0.018668  0.998101  0.056264  0.025083  -0.042972  0.344158  0.937928  0.044139  -0.937225  0.345922  0.007250  -0.004519  0.003316  -0.757436  -0.161163  0.186312  2.000000  
50.818714 0.004367  0.091792  -0.018664  0.998086  0.056479  0.025189  -0.043177  0.344823  0.937674  0.044273  -0.936967  0.346602  0.007245  -0.004641  0.003369  -0.756093  -0.158394  0.189301  2.000000  
50.819962 0.004375  0.091786  -0.018660  0.998065  0.056819  0.025248  -0.043382  0.345483  0.937422  0.044540  -0.936703  0.347279  0.007149  -0.004819  0.003319  -0.741257  -0.151280  0.192694  2.000000  
50.821208 0.004384  0.091779  -0.018655  0.998044  0.057162  0.025300  -0.043587  0.346256  0.937127  0.044808  -0.936397  0.348071  0.007083  -0.004904  0.003359  -0.733301  -0.149620  0.197136  2.000000  
50.822210 0.004390  0.091774  -0.018652  0.998029  0.057377  0.025404  -0.043792  0.346921  0.936871  0.044941  -0.936138  0.348750  0.007019  -0.004999  0.003414  -0.731072  -0.148214  0.195556  2.000000  
50.823464 0.004398  0.091767  -0.018647  0.998008  0.057720  0.025455  -0.043997  0.347693  0.936575  0.045209  -0.935830  0.349540  0.006925  -0.005121  0.003450  -0.722953  -0.146510  0.199897  2.000000  
50.824713 0.004406  0.091759  -0.018642  0.997987  0.058060  0.025512  -0.044202  0.348352  0.936321  0.045476  -0.935564  0.350217  0.006865  -0.005216  0.003479  -0.711133  -0.144880  0.204323  2.000000  
50.825715 0.004412  0.091754  -0.018638  0.997972  0.058273  0.025623  -0.044407  0.348902  0.936106  0.045610  -0.935346  0.350782  0.006798  -0.005288  0.003487  -0.704713  -0.137810  0.207894  2.000000  
50.826722 0.004418  0.091748  -0.018635  0.997957  0.058485  0.025733  -0.044612  0.349452  0.935891  0.045743  -0.935127  0.351347  0.006701  -0.005310  0.003516  -0.696521  -0.137655  0.207990  2.000000  
50.827962 0.004425  0.091741  -0.018630  0.997944  0.058754  0.025597  -0.044612  0.350122  0.935641  0.046010  -0.934860  0.352023  0.006598  -0.005391  0.003566  -0.684747  -0.129465  0.210029  2.000000  
50.828968 0.004431  0.091735  -0.018625  0.997923  0.059091  0.025659  -0.044817  0.350666  0.935428  0.046278  -0.934634  0.352586  0.006508  -0.005382  0.003664  -0.680415  -0.127739  0.214272  2.000000  
50.830214 0.004438  0.091729  -0.018620  0.997901  0.059432  0.025714  -0.045022  0.351323  0.935171  0.046545  -0.934366  0.353262  0.006396  -0.005436  0.003703  -0.672671  -0.119543  0.216269  2.000000  
50.831215 0.004444  0.091724  -0.018616  0.997886  0.059642  0.025831  -0.045227  0.351759  0.934997  0.046679  -0.934189  0.353713  0.006299  -0.005464  0.003712  -0.664382  -0.119391  0.216305  2.000000  
50.832465 0.004451  0.091717  -0.018611  0.997864  0.059983  0.025885  -0.045432  0.352416  0.934740  0.046946  -0.933919  0.354388  0.006172  -0.005457  0.003808  -0.659075  -0.116745  0.218861  2.000000  
50.833465 0.004456  0.091712  -0.018607  0.997851  0.060248  0.025754  -0.045431  0.352971  0.934530  0.047213  -0.933692  0.354950  0.006079  -0.005437  0.003848  -0.652467  -0.109475  0.222557  2.000000  
50.834722 0.004463  0.091706  -0.018602  0.997835  0.060464  0.025855  -0.045636  0.353633  0.934270  0.047347  -0.933428  0.355627  0.005967  -0.005401  0.003939  -0.644341  -0.102760  0.220163  2.000000  
50.835962 0.004470  0.091700  -0.018597  0.997813  0.060806  0.025908  -0.045841  0.354289  0.934012  0.047614  -0.933157  0.356302  0.005860  -0.005380  0.003956  -0.639219  -0.100237  0.222680  2.000000  
50.836964 0.004475  0.091695  -0.018592  0.997801  0.061068  0.025783  -0.045840  0.354731  0.933844  0.047882  -0.932972  0.356750  0.005739  -0.005354  0.004008  -0.628447  -0.092851  0.226392  2.000000  
50.838215 0.004481  0.091689  -0.018587  0.997785  0.061284  0.025883  -0.046046  0.355392  0.933582  0.048015  -0.932706  0.357427  0.005652  -0.005282  0.004035  -0.624436  -0.092685  0.226497  2.000000  
50.839460 0.004488  0.091683  -0.018582  0.997762  0.061622  0.025942  -0.046250  0.355934  0.933366  0.048283  -0.932477  0.357988  0.005545  -0.005184  0.004092  -0.615204  -0.090209  0.228866  2.000000  
50.840464 0.004493  0.091679  -0.018577  0.997746  0.061833  0.026056  -0.046456  0.356368  0.933190  0.048416  -0.932297  0.358438  0.005487  -0.005084  0.004135  -0.607175  -0.091644  0.224776  2.000000  
50.841710 0.004499  0.091673  -0.018571  0.997733  0.062101  0.025915  -0.046455  0.357036  0.932935  0.048683  -0.932024  0.359112  0.005417  -0.005019  0.004218  -0.603779  -0.077065  0.224230  2.000000  
50.842972 0.004505  0.091668  -0.018566  0.997711  0.062439  0.025974  -0.046660  0.357577  0.932717  0.048951  -0.931794  0.359672  0.005351  -0.004856  0.004252  -0.592071  -0.077463  0.226017  2.000000  
50.844208 0.004512  0.091663  -0.018560  0.997688  0.062778  0.026031  -0.046865  0.358118  0.932499  0.049218  -0.931563  0.360232  0.005316  -0.004749  0.004307  -0.587430  -0.075151  0.228477  2.000000  
50.845216 0.004517  0.091660  -0.018556  0.997681  0.062915  0.025953  -0.046864  0.358565  0.932328  0.049352  -0.931382  0.360682  0.005270  -0.004610  0.004315  -0.576184  -0.069124  0.227943  2.000000  
50.846477 0.004524  0.091655  -0.018550  0.997658  0.063254  0.026010  -0.047069  0.359105  0.932109  0.049619  -0.931151  0.361242  0.005241  -0.004481  0.004375  -0.567776  -0.068930  0.227906  2.000000  
50.847712 0.004532  0.091651  -0.018544  0.997652  0.063394  0.025923  -0.047069  0.359665  0.931894  0.049753  -0.930926  0.361804  0.005280  -0.004331  0.004428  -0.563675  -0.061847  0.223750  2.000000  
50.848715 0.004537  0.091648  -0.018539  0.997635  0.063605  0.026036  -0.047274  0.360098  0.931716  0.049886  -0.930744  0.362253  0.005274  -0.004233  0.004461  -0.556135  -0.063809  0.221460  2.000000  
50.849962 0.004544  0.091644  -0.018533  0.997612  0.063944  0.026092  -0.047478  0.360638  0.931497  0.050153  -0.930511  0.362813  0.005301  -0.004035  0.004553  -0.551468  -0.061557  0.223819  2.000000  
50.850964 0.004550  0.091641  -0.018528  0.997606  0.064081  0.026012  -0.047478  0.361084  0.931324  0.050287  -0.930329  0.363262  0.005348  -0.003884  0.004582  -0.544064  -0.057054  0.219033  2.000000  
50.851970 0.004556  0.091638  -0.018523  0.997589  0.064292  0.026124  -0.047683  0.361517  0.931146  0.050421  -0.930146  0.363711  0.005390  -0.003783  0.004603  -0.535814  -0.056912  0.219035  2.000000  
50.853213 0.004563  0.091635  -0.018517  0.997582  0.064429  0.026045  -0.047683  0.361962  0.930972  0.050554  -0.929963  0.364160  0.005456  -0.003617  0.004670  -0.524087  -0.051936  0.212484  2.000000  
50.854465 0.004571  0.091631  -0.018511  0.997566  0.064644  0.026148  -0.047888  0.362508  0.930750  0.050688  -0.929736  0.364721  0.005547  -0.003435  0.004682  -0.519943  -0.053399  0.208301  2.000000  
50.855711 0.004579  0.091628  -0.018505  0.997559  0.064780  0.026068  -0.047888  0.362953  0.930576  0.050822  -0.929553  0.365170  0.005656  -0.003263  0.004696  -0.511982  -0.046450  0.204178  2.000000  
50.856712 0.004585  0.091626  -0.018500  0.997535  0.065116  0.026131  -0.048092  0.363380  0.930399  0.051089  -0.929363  0.365616  0.005733  -0.003138  0.004739  -0.508010  -0.044745  0.208405  2.000000  
50.857958 0.004593  0.091623  -0.018495  0.997529  0.065253  0.026050  -0.048092  0.363825  0.930225  0.051222  -0.929179  0.366064  0.005856  -0.002986  0.004757  -0.499794  -0.046212  0.204226  2.000000  
50.859208 0.004602  0.091621  -0.018488  0.997512  0.065468  0.026153  -0.048297  0.364370  0.930001  0.051356  -0.928950  0.366625  0.005988  -0.002787  0.004785  -0.495770  -0.047685  0.200113  2.000000  
50.860216 0.004609  0.091620  -0.018484  0.997505  0.065602  0.026080  -0.048297  0.364702  0.929871  0.051490  -0.928810  0.366960  0.006124  -0.002667  0.004778  -0.487863  -0.043135  0.195069  2.000000  
50.861461 0.004618  0.091617  -0.018478  0.997488  0.065814  0.026191  -0.048502  0.365134  0.929691  0.051623  -0.928626  0.367408  0.006246  -0.002523  0.004805  -0.479781  -0.044648  0.190939  2.000000  
50.862469 0.004625  0.091616  -0.018473  0.997488  0.065826  0.026159  -0.048502  0.365585  0.929514  0.051623  -0.928448  0.367859  0.006330  -0.002394  0.004811  -0.479962  -0.041351  0.180019  2.000000  
50.863469 0.004632  0.091614  -0.018468  0.997471  0.066035  0.026277  -0.048707  0.365903  0.929378  0.051757  -0.928307  0.368194  0.006458  -0.002269  0.004842  -0.471514  -0.047711  0.182564  2.000000  
50.864712 0.004642  0.091612  -0.018462  0.997454  0.066247  0.026387  -0.048912  0.366334  0.929197  0.051891  -0.928122  0.368642  0.006585  -0.002156  0.004826  -0.463728  -0.047234  0.181147  2.000000  
50.865713 0.004649  0.091611  -0.018457  0.997447  0.066378  0.026321  -0.048911  0.366554  0.929110  0.052024  -0.928026  0.368865  0.006672  -0.002035  0.004831  -0.451771  -0.042374  0.174465  2.000000  
50.866732 0.004656  0.091610  -0.018452  0.997440  0.066511  0.026248  -0.048911  0.366886  0.928979  0.052158  -0.927885  0.369200  0.006774  -0.001923  0.004847  -0.447099  -0.044249  0.171649  2.000000  
50.867962 0.004665  0.091608  -0.018445  0.997430  0.066600  0.026407  -0.049116  0.367323  0.928796  0.052158  -0.927706  0.369650  0.006907  -0.001800  0.004883  -0.439253  -0.045813  0.167607  2.000000  
50.869213 0.004674  0.091606  -0.018440  0.997413  0.066809  0.026524  -0.049321  0.367641  0.928659  0.052291  -0.927565  0.369985  0.007014  -0.001703  0.004856  -0.430994  -0.047361  0.163409  2.000000  
50.870460 0.004683  0.091604  -0.018433  0.997406  0.066946  0.026442  -0.049321  0.368085  0.928483  0.052425  -0.927379  0.370432  0.007099  -0.001602  0.004907  -0.427850  -0.040517  0.159612  2.000000  
50.871470 0.004691  0.091603  -0.018428  0.997389  0.067152  0.026568  -0.049526  0.368290  0.928391  0.052559  -0.927282  0.370655  0.007203  -0.001550  0.004930  -0.414551  -0.048831  0.159229  2.000000  
50.872730 0.004701  0.091602  -0.018422  0.997389  0.067165  0.026535  -0.049526  0.368741  0.928212  0.052559  -0.927103  0.371104  0.007297  -0.001449  0.004939  -0.410853  -0.045608  0.148374  2.000000  
50.873959 0.004710  0.091600  -0.018416  0.997372  0.067374  0.026652  -0.049731  0.369059  0.928075  0.052692  -0.926961  0.371439  0.007341  -0.001404  0.004920  -0.403149  -0.051557  0.149713  2.000000  
50.874960 0.004718  0.091599  -0.018411  0.997365  0.067505  0.026586  -0.049731  0.369278  0.927988  0.052826  -0.926864  0.371661  0.007382  -0.001375  0.004949  -0.395427  -0.046764  0.143081  2.000000  
50.875967 0.004725  0.091598  -0.018406  0.997354  0.067590  0.026753  -0.049936  0.369601  0.927848  0.052826  -0.926729  0.371999  0.007402  -0.001353  0.004958  -0.391333  -0.048334  0.138936  2.000000  
50.877210 0.004735  0.091596  -0.018400  0.997347  0.067724  0.026678  -0.049936  0.369933  0.927716  0.052959  -0.926587  0.372333  0.007455  -0.001328  0.004951  -0.383243  -0.049907  0.134816  2.000000  
50.878214 0.004742  0.091595  -0.018395  0.997330  0.067931  0.026803  -0.050141  0.370138  0.927623  0.053093  -0.926490  0.372555  0.007462  -0.001334  0.004907  -0.375145  -0.049858  0.134835  2.000000  
50.879465 0.004751  0.091592  -0.018389  0.997330  0.067940  0.026778  -0.050141  0.370475  0.927488  0.053093  -0.926354  0.372892  0.007416  -0.001358  0.004924  -0.365998  -0.051850  0.131792  2.000000  
50.880713 0.004760  0.091590  -0.018383  0.997313  0.068150  0.026895  -0.050346  0.370792  0.927350  0.053227  -0.926212  0.373227  0.007395  -0.001409  0.004915  -0.358969  -0.051373  0.130743  2.000000  
50.881963 0.004768  0.091588  -0.018377  0.997305  0.068284  0.026820  -0.050345  0.371124  0.927218  0.053360  -0.926069  0.373561  0.007374  -0.001460  0.004905  -0.351252  -0.046589  0.124104  2.000000  
50.883212 0.004777  0.091586  -0.018371  0.997295  0.068367  0.026994  -0.050551  0.371334  0.927122  0.053360  -0.925979  0.373786  0.007333  -0.001484  0.004926  -0.342738  -0.054552  0.122486  2.000000  
50.884213 0.004784  0.091583  -0.018366  0.997288  0.068497  0.026928  -0.050550  0.371553  0.927035  0.053494  -0.925881  0.374008  0.007318  -0.001529  0.004924  -0.333744  -0.048538  0.120986  2.000000  
50.885214 0.004790  0.091581  -0.018361  0.997288  0.068503  0.026911  -0.050550  0.371778  0.926944  0.053494  -0.925791  0.374232  0.007248  -0.001588  0.004877  -0.329583  -0.050154  0.116794  2.000000  
50.886476 0.004799  0.091578  -0.018355  0.997270  0.068713  0.027027  -0.050755  0.372095  0.926806  0.053628  -0.925648  0.374567  0.007139  -0.001663  0.004856  -0.323285  -0.049764  0.116022  2.000000  
50.887710 0.004806  0.091575  -0.018350  0.997263  0.068844  0.026960  -0.050755  0.372313  0.926718  0.053761  -0.925550  0.374788  0.007042  -0.001761  0.004801  -0.314741  -0.049652  0.115880  2.000000  
50.888711 0.004813  0.091573  -0.018345  0.997253  0.068927  0.027134  -0.050960  0.372524  0.926622  0.053761  -0.925459  0.375013  0.006966  -0.001868  0.004802  -0.305104  -0.053352  0.108509  2.000000  
50.889963 0.004820  0.091570  -0.018339  0.997245  0.069057  0.027067  -0.050960  0.372742  0.926535  0.053895  -0.925362  0.375235  0.006820  -0.001968  0.004803  -0.298594  -0.051232  0.111792  2.000000  
50.891213 0.004828  0.091567  -0.018334  0.997245  0.069064  0.027051  -0.050960  0.372967  0.926444  0.053895  -0.925271  0.375459  0.006691  -0.002073  0.004770  -0.289157  -0.048533  0.101808  2.000000  
50.892464 0.004835  0.091563  -0.018328  0.997238  0.069194  0.026984  -0.050959  0.373186  0.926356  0.054028  -0.925173  0.375681  0.006590  -0.002183  0.004711  -0.278723  -0.046443  0.105141  2.000000  
50.893714 0.004842  0.091559  -0.018323  0.997220  0.069401  0.027107  -0.051164  0.373390  0.926263  0.054162  -0.925075  0.375903  0.006393  -0.002327  0.004681  -0.272883  -0.048468  0.101864  2.000000  
50.894966 0.004849  0.091555  -0.018318  0.997220  0.069408  0.027090  -0.051164  0.373614  0.926172  0.054162  -0.924984  0.376127  0.006268  -0.002431  0.004605  -0.265054  -0.043690  0.095117  2.000000  
50.896213 0.004855  0.091551  -0.018312  0.997213  0.069538  0.027023  -0.051164  0.373833  0.926084  0.054296  -0.924886  0.376349  0.006112  -0.002585  0.004557  -0.257022  -0.041997  0.099355  2.000000  
50.897466 0.004861  0.091546  -0.018307  0.997206  0.069668  0.026956  -0.051163  0.374051  0.925996  0.054429  -0.924788  0.376570  0.005913  -0.002739  0.004480  -0.253144  -0.035531  0.096724  2.000000  
50.898475 0.004866  0.091543  -0.018303  0.997206  0.069671  0.026948  -0.051163  0.374163  0.925950  0.054429  -0.924742  0.376683  0.005773  -0.002839  0.004439  -0.244913  -0.037177  0.092534  2.000000  
50.899713 0.004872  0.091538  -0.018298  0.997188  0.069878  0.027071  -0.051368  0.374367  0.925857  0.054563  -0.924644  0.376904  0.005611  -0.002970  0.004386  -0.238924  -0.036855  0.091814  2.000000  
50.900963 0.004877  0.091533  -0.018293  0.997188  0.069882  0.027063  -0.051368  0.374480  0.925811  0.054563  -0.924598  0.377016  0.005476  -0.003073  0.004348  -0.229026  -0.032407  0.085824  2.000000  
50.901964 0.004882  0.091530  -0.018289  0.997181  0.070012  0.026995  -0.051368  0.374698  0.925723  0.054696  -0.924500  0.377238  0.005360  -0.003202  0.004281  -0.229036  -0.030703  0.090006  2.000000  
50.903213 0.004888  0.091525  -0.018284  0.997174  0.070138  0.026936  -0.051368  0.374804  0.925680  0.054830  -0.924447  0.377347  0.005184  -0.003306  0.004215  -0.217198  -0.024273  0.087437  2.000000  
50.904461 0.004893  0.091520  -0.018279  0.997166  0.070268  0.026869  -0.051367  0.375022  0.925592  0.054964  -0.924349  0.377569  0.005032  -0.003423  0.004160  -0.215457  -0.024058  0.086745  2.000000  
50.905708 0.004899  0.091515  -0.018274  0.997166  0.070272  0.026860  -0.051367  0.375134  0.925546  0.054964  -0.924303  0.377681  0.004918  -0.003550  0.004094  -0.207706  -0.017681  0.084165  2.000000  
50.906716 0.004902  0.091510  -0.018271  0.997159  0.070398  0.026801  -0.051367  0.375240  0.925503  0.055097  -0.924250  0.377790  0.004764  -0.003665  0.004051  -0.201224  -0.017803  0.084849  2.000000  
50.907967 0.004907  0.091505  -0.018266  0.997151  0.070525  0.026742  -0.051367  0.375346  0.925460  0.055231  -0.924198  0.377899  0.004637  -0.003791  0.004014  -0.193436  -0.011379  0.082256  2.000000  
50.909214 0.004912  0.091500  -0.018262  0.997151  0.070532  0.026725  -0.051367  0.375570  0.925369  0.055231  -0.924106  0.378124  0.004506  -0.003875  0.003939  -0.189387  -0.011355  0.082271  2.000000  
50.910216 0.004916  0.091495  -0.018258  0.997144  0.070658  0.026666  -0.051366  0.375676  0.925326  0.055364  -0.924053  0.378233  0.004404  -0.003930  0.003874  -0.185665  -0.004937  0.079667  2.000000  
50.911462 0.004921  0.091489  -0.018254  0.997137  0.070785  0.026607  -0.051366  0.375782  0.925283  0.055498  -0.924001  0.378342  0.004317  -0.004040  0.003816  -0.176056  -0.003198  0.083148  2.000000  
50.912466 0.004924  0.091485  -0.018251  0.997137  0.070788  0.026598  -0.051366  0.375894  0.925238  0.055498  -0.923955  0.378454  0.004203  -0.004066  0.003740  -0.173809  0.001497  0.077068  2.000000  
50.913466 0.004927  0.091481  -0.018247  0.997129  0.070915  0.026539  -0.051365  0.376000  0.925195  0.055632  -0.923902  0.378563  0.004113  -0.004146  0.003686  0.000000  0.000000  0.000000  2.000000  
50.914474 0.004931  0.091476  -0.018244  0.997129  0.070915  0.026539  -0.051365  0.376000  0.925195  0.055632  -0.923902  0.378563  0.004007  -0.004193  0.003625  0.000000  0.000000  0.000000  2.000000  
50.915713 0.004935  0.091470  -0.018240  0.997122  0.071042  0.026480  -0.051365  0.376106  0.925152  0.055765  -0.923849  0.378673  0.003927  -0.004278  0.003532  0.000000  0.000000  0.000000  2.000000  
50.916717 0.004939  0.091466  -0.018237  0.997114  0.071168  0.026421  -0.051365  0.376212  0.925109  0.055899  -0.923796  0.378782  0.003841  -0.004281  0.003512  0.000000  0.000000  0.000000  2.000000  
50.917969 0.004943  0.091460  -0.018233  0.997117  0.071218  0.026171  -0.051159  0.376333  0.925071  0.056032  -0.923743  0.378891  0.003740  -0.004356  0.003457  0.000000  0.000000  0.000000  2.000000  
50.919246 0.004947  0.091455  -0.018229  0.997117  0.071218  0.026171  -0.051159  0.376333  0.925071  0.056032  -0.923743  0.378891  0.003619  -0.004400  0.003424  0.000000  0.000000  0.000000  2.000000  
50.920469 0.004950  0.091449  -0.018225  0.997110  0.071344  0.026112  -0.051159  0.376438  0.925028  0.056166  -0.923690  0.379000  0.003513  -0.004437  0.003355  0.000000  0.000000  0.000000  2.000000  
50.921712 0.004955  0.091444  -0.018221  0.997102  0.071471  0.026052  -0.051158  0.376544  0.924985  0.056299  -0.923638  0.379110  0.003485  -0.004441  0.003328  0.000000  0.000000  0.000000  2.000000  
50.922960 0.004958  0.091438  -0.018216  0.997102  0.071471  0.026052  -0.051158  0.376544  0.924985  0.056299  -0.923638  0.379110  0.003405  -0.004467  0.003321  0.000000  0.000000  0.000000  2.000000  
50.924208 0.004962  0.091431  -0.018212  0.997095  0.071597  0.025993  -0.051158  0.376650  0.924942  0.056433  -0.923585  0.379219  0.003302  -0.004543  0.003302  0.000000  0.000000  0.000000  2.000000  
50.925213 0.004965  0.091427  -0.018209  0.997095  0.071597  0.025993  -0.051158  0.376650  0.924942  0.056433  -0.923585  0.379219  0.003231  -0.004570  0.003256  0.000000  0.000000  0.000000  2.000000  
50.926215 0.004968  0.091422  -0.018206  0.997087  0.071721  0.025942  -0.051157  0.376644  0.924945  0.056567  -0.923578  0.379216  0.003196  -0.004548  0.003287  0.000000  0.000000  0.000000  2.000000  
50.927461 0.004971  0.091416  -0.018202  0.997090  0.071767  0.025701  -0.050952  0.376652  0.924952  0.056700  -0.923571  0.379213  0.003139  -0.004594  0.003286  0.000000  0.000000  0.000000  2.000000  
50.928469 0.004974  0.091411  -0.018198  0.997090  0.071767  0.025701  -0.050952  0.376652  0.924952  0.056700  -0.923571  0.379213  0.003092  -0.004624  0.003268  0.000000  0.000000  0.000000  2.000000  
50.929717 0.004978  0.091405  -0.018195  0.997083  0.071890  0.025651  -0.050951  0.376646  0.924955  0.056834  -0.923564  0.379210  0.003060  -0.004650  0.003249  0.000000  0.000000  0.000000  2.000000  
50.930718 0.004981  0.091401  -0.018191  0.997083  0.071890  0.025651  -0.050951  0.376646  0.924955  0.056834  -0.923564  0.379210  0.003009  -0.004651  0.003261  0.000000  0.000000  0.000000  2.000000  
50.931963 0.004984  0.091394  -0.018187  0.997083  0.071890  0.025651  -0.050951  0.376646  0.924955  0.056834  -0.923564  0.379210  0.002988  -0.004704  0.003251  0.000000  0.000000  0.000000  2.000000  
50.932963 0.004987  0.091389  -0.018184  0.997075  0.072013  0.025600  -0.050951  0.376640  0.924958  0.056967  -0.923557  0.379207  0.002923  -0.004745  0.003289  0.000000  0.000000  0.000000  2.000000  
50.934213 0.004991  0.091383  -0.018179  0.997075  0.072013  0.025600  -0.050951  0.376640  0.924958  0.056967  -0.923557  0.379207  0.002938  -0.004779  0.003303  0.000000  0.000000  0.000000  2.000000  
50.935464 0.004994  0.091377  -0.018175  0.997075  0.072013  0.025600  -0.050951  0.376640  0.924958  0.056967  -0.923557  0.379207  0.002900  -0.004818  0.003325  0.000000  0.000000  0.000000  2.000000  
50.936476 0.004997  0.091372  -0.018171  0.997067  0.072137  0.025549  -0.050951  0.376633  0.924960  0.057101  -0.923549  0.379204  0.002845  -0.004870  0.003352  0.000000  0.000000  0.000000  2.000000  
50.937710 0.005000  0.091366  -0.018167  0.997067  0.072134  0.025558  -0.050951  0.376521  0.925006  0.057101  -0.923595  0.379092  0.002836  -0.004891  0.003333  0.000000  0.000000  0.000000  2.000000  
50.938711 0.005002  0.091360  -0.018164  0.997067  0.072134  0.025558  -0.050951  0.376521  0.925006  0.057101  -0.923595  0.379092  0.002794  -0.004915  0.003352  0.000000  0.000000  0.000000  2.000000  
50.939963 0.005006  0.091354  -0.018159  0.997067  0.072131  0.025567  -0.050951  0.376409  0.925052  0.057101  -0.923641  0.378980  0.002783  -0.004952  0.003365  0.000000  0.000000  0.000000  2.000000  
50.941208 0.005008  0.091347  -0.018155  0.997060  0.072254  0.025516  -0.050950  0.376403  0.925054  0.057235  -0.923634  0.378977  0.002691  -0.005015  0.003381  0.000000  0.000000  0.000000  2.000000  
50.942210 0.005011  0.091341  -0.018151  0.997070  0.072177  0.025326  -0.050745  0.376418  0.925059  0.057235  -0.923634  0.378977  0.002666  -0.005085  0.003416  0.000000  0.000000  0.000000  2.000000  
50.943211 0.005013  0.091336  -0.018148  0.997070  0.072173  0.025334  -0.050745  0.376305  0.925105  0.057235  -0.923680  0.378865  0.002636  -0.005112  0.003398  0.000000  0.000000  0.000000  2.000000  
50.944464 0.005016  0.091330  -0.018143  0.997070  0.072173  0.025334  -0.050745  0.376305  0.925105  0.057235  -0.923680  0.378865  0.002615  -0.005107  0.003474  0.000000  0.000000  0.000000  2.000000  
50.945468 0.005018  0.091324  -0.018140  0.997070  0.072170  0.025343  -0.050745  0.376193  0.925151  0.057235  -0.923726  0.378753  0.002583  -0.005157  0.003502  0.000000  0.000000  0.000000  2.000000  
50.946479 0.005021  0.091319  -0.018137  0.997070  0.072170  0.025343  -0.050745  0.376193  0.925151  0.057235  -0.923726  0.378753  0.002525  -0.005169  0.003438  0.000000  0.000000  0.000000  2.000000  
50.947712 0.005023  0.091312  -0.018133  0.997070  0.072167  0.025352  -0.050745  0.376081  0.925196  0.057235  -0.923772  0.378641  0.002465  -0.005228  0.003404  0.000000  0.000000  0.000000  2.000000  
50.948712 0.005025  0.091307  -0.018130  0.997063  0.072288  0.025310  -0.050745  0.375962  0.925244  0.057368  -0.923811  0.378526  0.002419  -0.005262  0.003400  0.000000  0.000000  0.000000  2.000000  
50.949712 0.005027  0.091301  -0.018127  0.997063  0.072288  0.025310  -0.050745  0.375962  0.925244  0.057368  -0.923811  0.378526  0.002346  -0.005311  0.003399  0.000000  0.000000  0.000000  2.000000  
50.950713 0.005030  0.091296  -0.018124  0.997063  0.072285  0.025319  -0.050745  0.375850  0.925290  0.057368  -0.923857  0.378414  0.002349  -0.005291  0.003354  0.000000  0.000000  0.000000  2.000000  
50.951713 0.005031  0.091290  -0.018121  0.997063  0.072285  0.025319  -0.050745  0.375850  0.925290  0.057368  -0.923857  0.378414  0.002288  -0.005333  0.003338  0.000000  0.000000  0.000000  2.000000  
50.952962 0.005034  0.091283  -0.018118  0.997063  0.072282  0.025328  -0.050745  0.375738  0.925336  0.057368  -0.923903  0.378302  0.002238  -0.005366  0.003215  0.000000  0.000000  0.000000  2.000000  
50.953968 0.005036  0.091278  -0.018115  0.997063  0.072278  0.025336  -0.050745  0.375626  0.925381  0.057368  -0.923949  0.378190  0.002174  -0.005416  0.003175  0.000000  0.000000  0.000000  2.000000  
50.955208 0.005038  0.091271  -0.018112  0.997063  0.072275  0.025345  -0.050745  0.375513  0.925427  0.057368  -0.923995  0.378078  0.002155  -0.005456  0.003102  0.000000  0.000000  0.000000  2.000000  
50.956208 0.005040  0.091265  -0.018109  0.997063  0.072275  0.025345  -0.050745  0.375513  0.925427  0.057368  -0.923995  0.378078  0.002115  -0.005457  0.003074  0.000000  0.000000  0.000000  2.000000  
50.957209 0.005042  0.091259  -0.018106  0.997055  0.072396  0.025303  -0.050744  0.375395  0.925475  0.057502  -0.924033  0.377963  0.002086  -0.005462  0.003010  0.000000  0.000000  0.000000  2.000000  
50.958213 0.005043  0.091254  -0.018104  0.997055  0.072396  0.025303  -0.050744  0.375395  0.925475  0.057502  -0.924033  0.377963  0.002003  -0.005515  0.002884  0.000000  0.000000  0.000000  2.000000  
50.959463 0.005046  0.091247  -0.018102  0.997055  0.072393  0.025312  -0.050744  0.375283  0.925520  0.057502  -0.924079  0.377851  0.001987  -0.005527  0.002767  0.000000  0.000000  0.000000  2.000000  
50.960713 0.005048  0.091240  -0.018099  0.997055  0.072390  0.025321  -0.050744  0.375170  0.925566  0.057502  -0.924125  0.377739  0.001966  -0.005556  0.002711  0.000000  0.000000  0.000000  2.000000  
50.961717 0.005050  0.091234  -0.018096  0.997055  0.072390  0.025321  -0.050744  0.375170  0.925566  0.057502  -0.924125  0.377739  0.001933  -0.005555  0.002657  0.000000  0.000000  0.000000  2.000000  
50.962963 0.005053  0.091228  -0.018094  0.997047  0.072510  0.025279  -0.050744  0.375052  0.925614  0.057635  -0.924164  0.377624  0.001919  -0.005568  0.002544  0.000000  0.000000  0.000000  2.000000  
50.964213 0.005055  0.091221  -0.018092  0.997047  0.072507  0.025288  -0.050744  0.374939  0.925659  0.057635  -0.924209  0.377512  0.001927  -0.005546  0.002469  0.000000  0.000000  0.000000  2.000000  
50.965216 0.005057  0.091215  -0.018090  0.997047  0.072507  0.025288  -0.050744  0.374939  0.925659  0.057635  -0.924209  0.377512  0.001917  -0.005577  0.002373  0.000000  0.000000  0.000000  2.000000  
50.966477 0.005060  0.091209  -0.018087  0.997040  0.072627  0.025246  -0.050743  0.374821  0.925708  0.057769  -0.924248  0.377397  0.001918  -0.005527  0.002277  0.000000  0.000000  0.000000  2.000000  
50.967713 0.005062  0.091202  -0.018085  0.997040  0.072627  0.025246  -0.050743  0.374821  0.925708  0.057769  -0.924248  0.377397  0.001931  -0.005536  0.002241  0.000000  0.000000  0.000000  2.000000  
50.968964 0.005065  0.091195  -0.018083  0.997040  0.072624  0.025255  -0.050743  0.374709  0.925753  0.057769  -0.924294  0.377285  0.001939  -0.005500  0.002146  0.000000  0.000000  0.000000  2.000000  
50.970208 0.005067  0.091189  -0.018081  0.997032  0.072748  0.025205  -0.050743  0.374702  0.925756  0.057902  -0.924287  0.377282  0.001941  -0.005455  0.002054  0.000000  0.000000  0.000000  2.000000  
50.971213 0.005070  0.091183  -0.018080  0.997032  0.072748  0.025205  -0.050743  0.374702  0.925756  0.057902  -0.924287  0.377282  0.001971  -0.005461  0.001941  0.000000  0.000000  0.000000  2.000000  
50.972459 0.005072  0.091177  -0.018078  0.997032  0.072745  0.025214  -0.050743  0.374590  0.925801  0.057902  -0.924332  0.377169  0.002017  -0.005420  0.001877  0.000000  0.000000  0.000000  2.000000  
50.973464 0.005074  0.091172  -0.018077  0.997032  0.072745  0.025214  -0.050743  0.374590  0.925801  0.057902  -0.924332  0.377169  0.002020  -0.005377  0.001785  0.000000  0.000000  0.000000  2.000000  
50.974465 0.005076  0.091166  -0.018075  0.997024  0.072868  0.025163  -0.050743  0.374584  0.925804  0.058036  -0.924325  0.377167  0.002019  -0.005348  0.001734  0.000000  0.000000  0.000000  2.000000  
50.975716 0.005079  0.091160  -0.018073  0.997024  0.072865  0.025172  -0.050743  0.374471  0.925849  0.058036  -0.924371  0.377054  0.002020  -0.005325  0.001687  0.000000  0.000000  0.000000  2.000000  
50.976964 0.005081  0.091153  -0.018072  0.997024  0.072865  0.025172  -0.050743  0.374471  0.925849  0.058036  -0.924371  0.377054  0.002035  -0.005316  0.001610  0.000000  0.000000  0.000000  2.000000  
50.978212 0.005084  0.091147  -0.018070  0.997016  0.072989  0.025122  -0.050742  0.374465  0.925852  0.058170  -0.924364  0.377052  0.002045  -0.005313  0.001565  0.000000  0.000000  0.000000  2.000000  
50.979212 0.005086  0.091142  -0.018069  0.997016  0.072989  0.025122  -0.050742  0.374465  0.925852  0.058170  -0.924364  0.377052  0.002039  -0.005274  0.001518  0.000000  0.000000  0.000000  2.000000  
50.980214 0.005088  0.091136  -0.018068  0.997016  0.072989  0.025122  -0.050742  0.374465  0.925852  0.058170  -0.924364  0.377052  0.002040  -0.005253  0.001472  0.000000  0.000000  0.000000  2.000000  
50.981466 0.005090  0.091130  -0.018066  0.997016  0.072986  0.025131  -0.050742  0.374353  0.925897  0.058170  -0.924410  0.376939  0.002002  -0.005259  0.001446  0.000000  0.000000  0.000000  2.000000  
50.982469 0.005092  0.091124  -0.018064  0.997009  0.073109  0.025080  -0.050742  0.374347  0.925900  0.058303  -0.924402  0.376936  0.002008  -0.005247  0.001397  0.000000  0.000000  0.000000  2.000000  
50.983715 0.005094  0.091118  -0.018063  0.997009  0.073109  0.025080  -0.050742  0.374347  0.925900  0.058303  -0.924402  0.376936  0.001978  -0.005253  0.001331  0.000000  0.000000  0.000000  2.000000  
50.984962 0.005096  0.091111  -0.018062  0.997009  0.073109  0.025080  -0.050742  0.374347  0.925900  0.058303  -0.924402  0.376936  0.001947  -0.005279  0.001312  0.000000  0.000000  0.000000  2.000000  
50.985962 0.005098  0.091106  -0.018060  0.997009  0.073109  0.025080  -0.050742  0.374347  0.925900  0.058303  -0.924402  0.376936  0.001927  -0.005254  0.001342  0.000000  0.000000  0.000000  2.000000  
50.986964 0.005100  0.091100  -0.018059  0.997001  0.073233  0.025030  -0.050741  0.374340  0.925902  0.058437  -0.924395  0.376933  0.001895  -0.005279  0.001323  0.000000  0.000000  0.000000  2.000000  
50.988215 0.005101  0.091094  -0.018057  0.997001  0.073233  0.025030  -0.050741  0.374340  0.925902  0.058437  -0.924395  0.376933  0.001844  -0.005279  0.001334  0.000000  0.000000  0.000000  2.000000  
50.989462 0.005103  0.091087  -0.018056  0.997001  0.073233  0.025030  -0.050741  0.374340  0.925902  0.058437  -0.924395  0.376933  0.001821  -0.005294  0.001281  0.000000  0.000000  0.000000  2.000000  
50.990465 0.005104  0.091081  -0.018055  0.997001  0.073233  0.025030  -0.050741  0.374340  0.925902  0.058437  -0.924395  0.376933  0.001741  -0.005335  0.001268  0.000000  0.000000  0.000000  2.000000  
50.991711 0.005106  0.091074  -0.018053  0.997001  0.073233  0.025030  -0.050741  0.374340  0.925902  0.058437  -0.924395  0.376933  0.001707  -0.005367  0.001300  0.000000  0.000000  0.000000  2.000000  
50.992715 0.005107  0.091068  -0.018052  0.997001  0.073233  0.025030  -0.050741  0.374340  0.925902  0.058437  -0.924395  0.376933  0.001635  -0.005409  0.001249  0.000000  0.000000  0.000000  2.000000  
50.993960 0.005109  0.091061  -0.018050  0.997001  0.073233  0.025030  -0.050741  0.374340  0.925902  0.058437  -0.924395  0.376933  0.001573  -0.005470  0.001263  0.000000  0.000000  0.000000  2.000000  
50.994966 0.005110  0.091055  -0.018049  0.997001  0.073233  0.025030  -0.050741  0.374340  0.925902  0.058437  -0.924395  0.376933  0.001488  -0.005511  0.001249  0.000000  0.000000  0.000000  2.000000  
50.996212 0.005111  0.091048  -0.018047  0.997001  0.073233  0.025030  -0.050741  0.374340  0.925902  0.058437  -0.924395  0.376933  0.001469  -0.005543  0.001243  0.000000  0.000000  0.000000  2.000000  
50.997215 0.005113  0.091042  -0.018046  0.997001  0.073233  0.025030  -0.050741  0.374340  0.925902  0.058437  -0.924395  0.376933  0.001415  -0.005564  0.001250  0.000000  0.000000  0.000000  2.000000  
50.998468 0.005114  0.091034  -0.018044  0.997001  0.073236  0.025021  -0.050741  0.374453  0.925857  0.058437  -0.924349  0.377046  0.001348  -0.005658  0.001305  0.000000  0.000000  0.000000  2.000000  
50.999716 0.005115  0.091027  -0.018042  0.997001  0.073236  0.025021  -0.050741  0.374453  0.925857  0.058437  -0.924349  0.377046  0.001306  -0.005682  0.001324  0.000000  0.000000  0.000000  2.000000  
51.000963 0.005117  0.091020  -0.018040  0.997001  0.073236  0.025021  -0.050741  0.374453  0.925857  0.058437  -0.924349  0.377046  0.001283  -0.005735  0.001314  0.000000  0.000000  0.000000  2.000000  
51.001963 0.005118  0.091013  -0.018039  0.997001  0.073236  0.025021  -0.050741  0.374453  0.925857  0.058437  -0.924349  0.377046  0.001226  -0.005786  0.001326  0.000000  0.000000  0.000000  2.000000  
51.003213 0.005120  0.091006  -0.018037  0.997001  0.073236  0.025021  -0.050741  0.374453  0.925857  0.058437  -0.924349  0.377046  0.001213  -0.005861  0.001324  0.000000  0.000000  0.000000  2.000000  
51.004459 0.005121  0.090998  -0.018036  0.997001  0.073236  0.025021  -0.050741  0.374453  0.925857  0.058437  -0.924349  0.377046  0.001180  -0.005910  0.001352  0.000000  0.000000  0.000000  2.000000  
51.005459 0.005123  0.090992  -0.018034  0.997001  0.073236  0.025021  -0.050741  0.374453  0.925857  0.058437  -0.924349  0.377046  0.001229  -0.005934  0.001388  0.000000  0.000000  0.000000  2.000000  
51.006474 0.005124  0.090986  -0.018033  0.997001  0.073236  0.025021  -0.050741  0.374453  0.925857  0.058437  -0.924349  0.377046  0.001190  -0.005980  0.001365  0.000000  0.000000  0.000000  2.000000  
51.007709 0.005126  0.090978  -0.018031  0.997001  0.073236  0.025021  -0.050741  0.374453  0.925857  0.058437  -0.924349  0.377046  0.001206  -0.006008  0.001424  0.000000  0.000000  0.000000  2.000000  
51.008710 0.005127  0.090972  -0.018029  0.997001  0.073236  0.025021  -0.050741  0.374453  0.925857  0.058437  -0.924349  0.377046  0.001214  -0.006031  0.001433  0.000000  0.000000  0.000000  2.000000  
51.009720 0.005129  0.090967  -0.018027  0.997001  0.073236  0.025021  -0.050741  0.374453  0.925857  0.058437  -0.924349  0.377046  0.001269  -0.006005  0.001469  0.000000  0.000000  0.000000  2.000000  
51.010958 0.005130  0.090959  -0.018026  0.997001  0.073236  0.025021  -0.050741  0.374453  0.925857  0.058437  -0.924349  0.377046  0.001254  -0.006033  0.001461  0.000000  0.000000  0.000000  2.000000  
51.011967 0.005132  0.090953  -0.018023  0.997001  0.073236  0.025021  -0.050741  0.374453  0.925857  0.058437  -0.924349  0.377046  0.001296  -0.006069  0.001539  0.000000  0.000000  0.000000  2.000000  
51.013212 0.005134  0.090945  -0.018021  0.997001  0.073236  0.025021  -0.050741  0.374453  0.925857  0.058437  -0.924349  0.377046  0.001342  -0.006054  0.001524  0.000000  0.000000  0.000000  2.000000  
51.014216 0.005135  0.090940  -0.018020  0.997001  0.073236  0.025021  -0.050741  0.374453  0.925857  0.058437  -0.924349  0.377046  0.001369  -0.006056  0.001544  0.000000  0.000000  0.000000  2.000000  
51.015465 0.005138  0.090933  -0.018017  0.997001  0.073236  0.025021  -0.050741  0.374453  0.925857  0.058437  -0.924349  0.377046  0.001433  -0.006001  0.001628  0.000000  0.000000  0.000000  2.000000  
51.016475 0.005139  0.090927  -0.018015  0.997001  0.073236  0.025021  -0.050741  0.374453  0.925857  0.058437  -0.924349  0.377046  0.001460  -0.005998  0.001649  0.000000  0.000000  0.000000  2.000000  
51.017712 0.005142  0.090920  -0.018013  0.997001  0.073236  0.025021  -0.050741  0.374453  0.925857  0.058437  -0.924349  0.377046  0.001535  -0.005951  0.001695  0.000000  0.000000  0.000000  2.000000  
51.018962 0.005144  0.090913  -0.018010  0.997001  0.073236  0.025021  -0.050741  0.374453  0.925857  0.058437  -0.924349  0.377046  0.001576  -0.005897  0.001766  0.000000  0.000000  0.000000  2.000000  
51.020213 0.005147  0.090906  -0.018007  0.997001  0.073236  0.025021  -0.050741  0.374453  0.925857  0.058437  -0.924349  0.377046  0.001628  -0.005843  0.001843  0.000000  0.000000  0.000000  2.000000  
51.021469 0.005150  0.090899  -0.018004  0.997001  0.073236  0.025021  -0.050741  0.374453  0.925857  0.058437  -0.924349  0.377046  0.001708  -0.005820  0.001894  0.000000  0.000000  0.000000  2.000000  
51.022710 0.005152  0.090892  -0.018001  0.997001  0.073239  0.025012  -0.050741  0.374565  0.925811  0.058437  -0.924304  0.377158  0.001761  -0.005789  0.001977  0.000000  0.000000  0.000000  2.000000  
51.023712 0.005154  0.090886  -0.017999  0.996993  0.073362  0.024962  -0.050741  0.374559  0.925814  0.058570  -0.924296  0.377155  0.001783  -0.005738  0.001988  0.000000  0.000000  0.000000  2.000000  
51.024963 0.005157  0.090880  -0.017996  0.996993  0.073362  0.024962  -0.050741  0.374559  0.925814  0.058570  -0.924296  0.377155  0.001867  -0.005660  0.002086  0.000000  0.000000  0.000000  2.000000  
51.025965 0.005159  0.090874  -0.017993  0.996993  0.073362  0.024962  -0.050741  0.374559  0.925814  0.058570  -0.924296  0.377155  0.001898  -0.005631  0.002104  0.000000  0.000000  0.000000  2.000000  
51.027057 0.005161  0.090869  -0.017991  0.996993  0.073362  0.024962  -0.050741  0.374559  0.925814  0.058570  -0.924296  0.377155  0.001949  -0.005547  0.002131  0.000000  0.000000  0.000000  2.000000  
51.028215 0.005164  0.090863  -0.017988  0.996993  0.073362  0.024962  -0.050741  0.374559  0.925814  0.058570  -0.924296  0.377155  0.002005  -0.005505  0.002213  0.000000  0.000000  0.000000  2.000000  
51.029486 0.005167  0.090856  -0.017985  0.996993  0.073362  0.024962  -0.050741  0.374559  0.925814  0.058570  -0.924296  0.377155  0.002053  -0.005442  0.002287  0.000000  0.000000  0.000000  2.000000  
51.030713 0.005170  0.090850  -0.017982  0.996985  0.073486  0.024911  -0.050741  0.374552  0.925816  0.058704  -0.924289  0.377152  0.002088  -0.005425  0.002310  0.000000  0.000000  0.000000  2.000000  
51.031716 0.005172  0.090845  -0.017979  0.996985  0.073486  0.024911  -0.050741  0.374552  0.925816  0.058704  -0.924289  0.377152  0.002150  -0.005373  0.002349  0.000000  0.000000  0.000000  2.000000  
51.032963 0.005175  0.090838  -0.017976  0.996985  0.073486  0.024911  -0.050741  0.374552  0.925816  0.058704  -0.924289  0.377152  0.002173  -0.005324  0.002361  0.000000  0.000000  0.000000  2.000000  
51.034213 0.005178  0.090832  -0.017973  0.996985  0.073486  0.024911  -0.050741  0.374552  0.925816  0.058704  -0.924289  0.377152  0.002225  -0.005269  0.002438  0.000000  0.000000  0.000000  2.000000  
51.035466 0.005181  0.090826  -0.017969  0.996985  0.073486  0.024911  -0.050741  0.374552  0.925816  0.058704  -0.924289  0.377152  0.002247  -0.005219  0.002448  0.000000  0.000000  0.000000  2.000000  
51.036478 0.005183  0.090821  -0.017967  0.996977  0.073609  0.024861  -0.050740  0.374546  0.925819  0.058837  -0.924282  0.377149  0.002265  -0.005187  0.002505  0.000000  0.000000  0.000000  2.000000  
51.037710 0.005186  0.090815  -0.017964  0.996977  0.073609  0.024861  -0.050740  0.374546  0.925819  0.058837  -0.924282  0.377149  0.002301  -0.005145  0.002480  0.000000  0.000000  0.000000  2.000000  
51.038712 0.005188  0.090810  -0.017962  0.996977  0.073609  0.024861  -0.050740  0.374546  0.925819  0.058837  -0.924282  0.377149  0.002314  -0.005070  0.002482  0.000000  0.000000  0.000000  2.000000  
51.039713 0.005191  0.090805  -0.017959  0.996977  0.073609  0.024861  -0.050740  0.374546  0.925819  0.058837  -0.924282  0.377149  0.002295  -0.005044  0.002513  0.000000  0.000000  0.000000  2.000000  
51.040713 0.005193  0.090801  -0.017957  0.996977  0.073609  0.024861  -0.050740  0.374546  0.925819  0.058837  -0.924282  0.377149  0.002326  -0.005013  0.002479  0.000000  0.000000  0.000000  2.000000  
51.041958 0.005196  0.090794  -0.017954  0.996969  0.073733  0.024811  -0.050740  0.374540  0.925821  0.058971  -0.924275  0.377146  0.002321  -0.005018  0.002525  0.000000  0.000000  0.000000  2.000000  
51.042963 0.005198  0.090790  -0.017951  0.996969  0.073733  0.024811  -0.050740  0.374540  0.925821  0.058971  -0.924275  0.377146  0.002290  -0.004921  0.002499  0.000000  0.000000  0.000000  2.000000  
51.044208 0.005200  0.090784  -0.017948  0.996969  0.073733  0.024811  -0.050740  0.374540  0.925821  0.058971  -0.924275  0.377146  0.002270  -0.004890  0.002476  0.000000  0.000000  0.000000  2.000000  
51.045218 0.005203  0.090780  -0.017946  0.996961  0.073856  0.024760  -0.050739  0.374533  0.925824  0.059105  -0.924267  0.377143  0.002273  -0.004850  0.002436  0.000000  0.000000  0.000000  2.000000  
51.046477 0.005205  0.090774  -0.017943  0.996961  0.073856  0.024760  -0.050739  0.374533  0.925824  0.059105  -0.924267  0.377143  0.002233  -0.004771  0.002447  0.000000  0.000000  0.000000  2.000000  
51.047713 0.005208  0.090769  -0.017940  0.996951  0.073937  0.024942  -0.050945  0.374631  0.925774  0.059105  -0.924221  0.377255  0.002216  -0.004725  0.002432  0.000000  0.000000  0.000000  2.000000  
51.048713 0.005210  0.090764  -0.017938  0.996951  0.073937  0.024942  -0.050945  0.374631  0.925774  0.059105  -0.924221  0.377255  0.002198  -0.004697  0.002409  0.000000  0.000000  0.000000  2.000000  
51.049962 0.005212  0.090759  -0.017935  0.996943  0.074060  0.024891  -0.050944  0.374624  0.925776  0.059238  -0.924214  0.377252  0.002139  -0.004628  0.002370  0.000000  0.000000  0.000000  2.000000  
51.050964 0.005214  0.090754  -0.017933  0.996943  0.074060  0.024891  -0.050944  0.374624  0.925776  0.059238  -0.924214  0.377252  0.002098  -0.004629  0.002342  0.000000  0.000000  0.000000  2.000000  
51.052214 0.005216  0.090749  -0.017930  0.996943  0.074060  0.024891  -0.050944  0.374624  0.925776  0.059238  -0.924214  0.377252  0.002064  -0.004554  0.002304  0.000000  0.000000  0.000000  2.000000  
51.053463 0.005218  0.090744  -0.017928  0.996935  0.074184  0.024841  -0.050944  0.374618  0.925779  0.059372  -0.924207  0.377249  0.002012  -0.004508  0.002271  0.000000  0.000000  0.000000  2.000000  
51.054466 0.005220  0.090740  -0.017926  0.996935  0.074184  0.024841  -0.050944  0.374618  0.925779  0.059372  -0.924207  0.377249  0.001988  -0.004459  0.002243  0.000000  0.000000  0.000000  2.000000  
51.055710 0.005222  0.090735  -0.017923  0.996935  0.074184  0.024841  -0.050944  0.374618  0.925779  0.059372  -0.924207  0.377249  0.001959  -0.004408  0.002264  0.000000  0.000000  0.000000  2.000000  
51.056712 0.005224  0.090731  -0.017921  0.996935  0.074184  0.024841  -0.050944  0.374618  0.925779  0.059372  -0.924207  0.377249  0.001896  -0.004333  0.002222  0.000000  0.000000  0.000000  2.000000  
51.057964 0.005226  0.090725  -0.017918  0.996935  0.074184  0.024841  -0.050944  0.374618  0.925779  0.059372  -0.924207  0.377249  0.001878  -0.004285  0.002205  0.000000  0.000000  0.000000  2.000000  
51.059208 0.005228  0.090720  -0.017915  0.996935  0.074184  0.024841  -0.050944  0.374618  0.925779  0.059372  -0.924207  0.377249  0.001814  -0.004261  0.002196  0.000000  0.000000  0.000000  2.000000  
51.060215 0.005229  0.090717  -0.017913  0.996927  0.074307  0.024791  -0.050943  0.374612  0.925781  0.059505  -0.924199  0.377246  0.001777  -0.004187  0.002209  0.000000  0.000000  0.000000  2.000000  
51.061482 0.005231  0.090712  -0.017911  0.996927  0.074307  0.024791  -0.050943  0.374612  0.925781  0.059505  -0.924199  0.377246  0.001727  -0.004153  0.002181  0.000000  0.000000  0.000000  2.000000  
51.062716 0.005233  0.090707  -0.017908  0.996927  0.074307  0.024791  -0.050943  0.374612  0.925781  0.059505  -0.924199  0.377246  0.001702  -0.004085  0.002158  0.000000  0.000000  0.000000  2.000000  
51.063965 0.005235  0.090702  -0.017905  0.996927  0.074307  0.024791  -0.050943  0.374612  0.925781  0.059505  -0.924199  0.377246  0.001632  -0.004034  0.002152  0.000000  0.000000  0.000000  2.000000  
51.064966 0.005237  0.090699  -0.017903  0.996927  0.074304  0.024800  -0.050943  0.374499  0.925827  0.059505  -0.924245  0.377134  0.001622  -0.004008  0.002143  0.000000  0.000000  0.000000  2.000000  
51.066215 0.005238  0.090694  -0.017901  0.996927  0.074304  0.024800  -0.050943  0.374499  0.925827  0.059505  -0.924245  0.377134  0.001604  -0.003960  0.002126  0.000000  0.000000  0.000000  2.000000  
51.067216 0.005240  0.090690  -0.017898  0.996927  0.074304  0.024800  -0.050943  0.374499  0.925827  0.059505  -0.924245  0.377134  0.001575  -0.003909  0.002148  0.000000  0.000000  0.000000  2.000000  
51.068469 0.005241  0.090685  -0.017896  0.996927  0.074304  0.024800  -0.050943  0.374499  0.925827  0.059505  -0.924245  0.377134  0.001534  -0.003909  0.002119  0.000000  0.000000  0.000000  2.000000  
51.069470 0.005243  0.090682  -0.017893  0.996927  0.074304  0.024800  -0.050943  0.374499  0.925827  0.059505  -0.924245  0.377134  0.001547  -0.003834  0.002122  0.000000  0.000000  0.000000  2.000000  
51.070712 0.005245  0.090678  -0.017891  0.996927  0.074304  0.024800  -0.050943  0.374499  0.925827  0.059505  -0.924245  0.377134  0.001529  -0.003785  0.002105  0.000000  0.000000  0.000000  2.000000  
51.071712 0.005246  0.090674  -0.017888  0.996927  0.074304  0.024800  -0.050943  0.374499  0.925827  0.059505  -0.924245  0.377134  0.001509  -0.003791  0.002172  0.000000  0.000000  0.000000  2.000000  
51.072958 0.005248  0.090669  -0.017886  0.996917  0.074378  0.024999  -0.051149  0.374372  0.925867  0.059505  -0.924291  0.377022  0.001492  -0.003744  0.002156  0.000000  0.000000  0.000000  2.000000  
51.073959 0.005250  0.090666  -0.017884  0.996917  0.074378  0.024999  -0.051149  0.374372  0.925867  0.059505  -0.924291  0.377022  0.001482  -0.003718  0.002146  0.000000  0.000000  0.000000  2.000000  
51.074963 0.005251  0.090662  -0.017882  0.996917  0.074378  0.024999  -0.051149  0.374372  0.925867  0.059505  -0.924291  0.377022  0.001473  -0.003694  0.002138  0.000000  0.000000  0.000000  2.000000  
51.075964 0.005253  0.090658  -0.017880  0.996917  0.074378  0.024999  -0.051149  0.374372  0.925867  0.059505  -0.924291  0.377022  0.001481  -0.003684  0.002109  0.000000  0.000000  0.000000  2.000000  
51.077210 0.005255  0.090654  -0.017877  0.996917  0.074378  0.024999  -0.051149  0.374372  0.925867  0.059505  -0.924291  0.377022  0.001506  -0.003649  0.002112  0.000000  0.000000  0.000000  2.000000  
51.078213 0.005256  0.090650  -0.017876  0.996917  0.074378  0.024999  -0.051149  0.374372  0.925867  0.059505  -0.924291  0.377022  0.001466  -0.003649  0.002084  0.000000  0.000000  0.000000  2.000000  
51.079466 0.005258  0.090646  -0.017873  0.996917  0.074375  0.025008  -0.051149  0.374259  0.925912  0.059505  -0.924337  0.376910  0.001488  -0.003599  0.002095  0.000000  0.000000  0.000000  2.000000  
51.080715 0.005259  0.090641  -0.017871  0.996917  0.074375  0.025008  -0.051149  0.374259  0.925912  0.059505  -0.924337  0.376910  0.001468  -0.003628  0.002038  0.000000  0.000000  0.000000  2.000000  
51.081717 0.005261  0.090638  -0.017869  0.996906  0.074452  0.025199  -0.051354  0.374244  0.925907  0.059505  -0.924337  0.376910  0.001487  -0.003563  0.002057  0.000000  0.000000  0.000000  2.000000  
51.082719 0.005263  0.090634  -0.017867  0.996906  0.074452  0.025199  -0.051354  0.374244  0.925907  0.059505  -0.924337  0.376910  0.001476  -0.003617  0.002008  0.000000  0.000000  0.000000  2.000000  
51.083962 0.005264  0.090629  -0.017865  0.996906  0.074449  0.025208  -0.051354  0.374132  0.925953  0.059505  -0.924382  0.376798  0.001449  -0.003635  0.001936  0.000000  0.000000  0.000000  2.000000  
51.084962 0.005266  0.090625  -0.017864  0.996906  0.074449  0.025208  -0.051354  0.374132  0.925953  0.059505  -0.924382  0.376798  0.001469  -0.003663  0.001907  0.000000  0.000000  0.000000  2.000000  
51.085963 0.005267  0.090622  -0.017861  0.996906  0.074449  0.025208  -0.051354  0.374132  0.925953  0.059505  -0.924382  0.376798  0.001466  -0.003648  0.001912  0.000000  0.000000  0.000000  2.000000  
51.087209 0.005269  0.090617  -0.017860  0.996906  0.074446  0.025217  -0.051354  0.374019  0.925998  0.059505  -0.924428  0.376685  0.001455  -0.003705  0.001864  0.000000  0.000000  0.000000  2.000000  
51.088210 0.005270  0.090612  -0.017858  0.996906  0.074446  0.025217  -0.051354  0.374019  0.925998  0.059505  -0.924428  0.376685  0.001423  -0.003729  0.001844  0.000000  0.000000  0.000000  2.000000  
51.089214 0.005272  0.090608  -0.017857  0.996906  0.074446  0.025217  -0.051354  0.374019  0.925998  0.059505  -0.924428  0.376685  0.001411  -0.003783  0.001795  0.000000  0.000000  0.000000  2.000000  
51.090474 0.005273  0.090604  -0.017855  0.996896  0.074523  0.025407  -0.051559  0.374004  0.925993  0.059505  -0.924428  0.376685  0.001433  -0.003789  0.001718  0.000000  0.000000  0.000000  2.000000  
51.091711 0.005275  0.090598  -0.017853  0.996888  0.074643  0.025366  -0.051559  0.373885  0.926041  0.059639  -0.924466  0.376570  0.001384  -0.003876  0.001686  0.000000  0.000000  0.000000  2.000000  
51.092715 0.005276  0.090594  -0.017851  0.996888  0.074643  0.025366  -0.051559  0.373885  0.926041  0.059639  -0.924466  0.376570  0.001399  -0.003893  0.001659  0.000000  0.000000  0.000000  2.000000  
51.093960 0.005277  0.090589  -0.017850  0.996888  0.074643  0.025366  -0.051559  0.373885  0.926041  0.059639  -0.924466  0.376570  0.001343  -0.003934  0.001573  0.000000  0.000000  0.000000  2.000000  
51.094966 0.005278  0.090585  -0.017849  0.996888  0.074640  0.025375  -0.051559  0.373773  0.926086  0.059639  -0.924512  0.376458  0.001327  -0.003978  0.001524  0.000000  0.000000  0.000000  2.000000  
51.096212 0.005280  0.090579  -0.017847  0.996888  0.074640  0.025375  -0.051559  0.373773  0.926086  0.059639  -0.924512  0.376458  0.001279  -0.004063  0.001496  0.000000  0.000000  0.000000  2.000000  
51.097214 0.005281  0.090575  -0.017846  0.996888  0.074640  0.025375  -0.051559  0.373773  0.926086  0.059639  -0.924512  0.376458  0.001258  -0.004090  0.001439  0.000000  0.000000  0.000000  2.000000  
51.098475 0.005282  0.090569  -0.017845  0.996888  0.074637  0.025384  -0.051559  0.373661  0.926131  0.059639  -0.924558  0.376346  0.001240  -0.004136  0.001387  0.000000  0.000000  0.000000  2.000000  
51.099713 0.005284  0.090564  -0.017843  0.996880  0.074761  0.025334  -0.051558  0.373654  0.926134  0.059772  -0.924550  0.376343  0.001209  -0.004165  0.001369  0.000000  0.000000  0.000000  2.000000  
51.100713 0.005285  0.090559  -0.017842  0.996880  0.074761  0.025334  -0.051558  0.373654  0.926134  0.059772  -0.924550  0.376343  0.001174  -0.004248  0.001304  0.000000  0.000000  0.000000  2.000000  
51.101715 0.005286  0.090555  -0.017841  0.996880  0.074758  0.025343  -0.051558  0.373542  0.926179  0.059772  -0.924596  0.376231  0.001143  -0.004276  0.001286  0.000000  0.000000  0.000000  2.000000  
51.102963 0.005287  0.090549  -0.017840  0.996872  0.074881  0.025293  -0.051558  0.373536  0.926182  0.059906  -0.924589  0.376228  0.001145  -0.004273  0.001243  0.000000  0.000000  0.000000  2.000000  
51.103966 0.005289  0.090545  -0.017839  0.996872  0.074881  0.025293  -0.051558  0.373536  0.926182  0.059906  -0.924589  0.376228  0.001156  -0.004276  0.001204  0.000000  0.000000  0.000000  2.000000  
51.105210 0.005290  0.090540  -0.017837  0.996872  0.074878  0.025302  -0.051558  0.373423  0.926227  0.059906  -0.924634  0.376116  0.001142  -0.004331  0.001200  0.000000  0.000000  0.000000  2.000000  
51.106476 0.005291  0.090534  -0.017836  0.996864  0.075002  0.025252  -0.051557  0.373417  0.926230  0.060039  -0.924627  0.376113  0.001144  -0.004327  0.001155  0.000000  0.000000  0.000000  2.000000  
51.107710 0.005293  0.090529  -0.017834  0.996864  0.075002  0.025252  -0.051557  0.373417  0.926230  0.060039  -0.924627  0.376113  0.001113  -0.004336  0.001135  0.000000  0.000000  0.000000  2.000000  
51.108710 0.005294  0.090525  -0.017834  0.996845  0.075199  0.025401  -0.051762  0.373283  0.926272  0.060173  -0.924665  0.375997  0.001124  -0.004338  0.001097  0.000000  0.000000  0.000000  2.000000  
51.109720 0.005295  0.090520  -0.017833  0.996845  0.075199  0.025401  -0.051762  0.373283  0.926272  0.060173  -0.924665  0.375997  0.001124  -0.004360  0.001098  0.000000  0.000000  0.000000  2.000000  
51.110958 0.005297  0.090515  -0.017832  0.996837  0.075323  0.025351  -0.051762  0.373276  0.926275  0.060307  -0.924657  0.375994  0.001165  -0.004317  0.001079  0.000000  0.000000  0.000000  2.000000  
51.111967 0.005298  0.090511  -0.017831  0.996837  0.075323  0.025351  -0.051762  0.373276  0.926275  0.060307  -0.924657  0.375994  0.001148  -0.004288  0.001062  0.000000  0.000000  0.000000  2.000000  
51.113212 0.005300  0.090506  -0.017830  0.996829  0.075443  0.025310  -0.051761  0.373157  0.926323  0.060440  -0.924696  0.375879  0.001158  -0.004270  0.001024  0.000000  0.000000  0.000000  2.000000  
51.114475 0.005301  0.090502  -0.017828  0.996821  0.075567  0.025260  -0.051761  0.373151  0.926326  0.060574  -0.924688  0.375876  0.001212  -0.004212  0.001053  0.000000  0.000000  0.000000  2.000000  
51.115712 0.005303  0.090497  -0.017827  0.996813  0.075690  0.025209  -0.051761  0.373145  0.926328  0.060707  -0.924681  0.375873  0.001235  -0.004123  0.001018  0.000000  0.000000  0.000000  2.000000  
51.116717 0.005304  0.090493  -0.017826  0.996813  0.075690  0.025209  -0.051761  0.373145  0.926328  0.060707  -0.924681  0.375873  0.001228  -0.004118  0.001009  0.000000  0.000000  0.000000  2.000000  
51.117962 0.005306  0.090489  -0.017825  0.996805  0.075811  0.025168  -0.051760  0.373026  0.926376  0.060841  -0.924719  0.375758  0.001259  -0.004052  0.000983  0.000000  0.000000  0.000000  2.000000  
51.119213 0.005307  0.090485  -0.017823  0.996796  0.075934  0.025118  -0.051760  0.373019  0.926379  0.060974  -0.924711  0.375755  0.001245  -0.003941  0.001005  0.000000  0.000000  0.000000  2.000000  
51.120465 0.005309  0.090480  -0.017822  0.996788  0.076058  0.025068  -0.051759  0.373013  0.926381  0.061108  -0.924703  0.375752  0.001259  -0.003865  0.001007  0.000000  0.000000  0.000000  2.000000  
51.121470 0.005311  0.090477  -0.017821  0.996780  0.076181  0.025018  -0.051759  0.373007  0.926384  0.061241  -0.924696  0.375749  0.001289  -0.003806  0.000981  0.000000  0.000000  0.000000  2.000000  
51.122711 0.005312  0.090474  -0.017820  0.996772  0.076305  0.024968  -0.051758  0.373000  0.926386  0.061375  -0.924688  0.375746  0.001319  -0.003667  0.000984  0.000000  0.000000  0.000000  2.000000  
51.123711 0.005313  0.090470  -0.017819  0.996764  0.076429  0.024917  -0.051758  0.372994  0.926389  0.061509  -0.924681  0.375742  0.001290  -0.003614  0.001005  0.000000  0.000000  0.000000  2.000000  
51.124958 0.005315  0.090466  -0.017818  0.996755  0.076552  0.024867  -0.051758  0.372987  0.926392  0.061642  -0.924673  0.375739  0.001302  -0.003511  0.000962  0.000000  0.000000  0.000000  2.000000  
51.125966 0.005316  0.090464  -0.017817  0.996747  0.076676  0.024817  -0.051757  0.372981  0.926394  0.061776  -0.924665  0.375736  0.001307  -0.003437  0.001000  0.000000  0.000000  0.000000  2.000000  
51.127210 0.005318  0.090460  -0.017815  0.996739  0.076799  0.024767  -0.051757  0.372975  0.926397  0.061909  -0.924658  0.375733  0.001308  -0.003333  0.000995  0.000000  0.000000  0.000000  2.000000  
51.128214 0.005319  0.090458  -0.017814  0.996731  0.076923  0.024717  -0.051756  0.372968  0.926400  0.062043  -0.924650  0.375730  0.001264  -0.003237  0.000998  0.000000  0.000000  0.000000  2.000000  
51.129215 0.005320  0.090455  -0.017814  0.996722  0.077043  0.024676  -0.051756  0.372849  0.926447  0.062176  -0.924688  0.375615  0.001237  -0.003163  0.000972  0.000000  0.000000  0.000000  2.000000  
51.130475 0.005321  0.090452  -0.017812  0.996716  0.077214  0.024385  -0.051550  0.372852  0.926458  0.062443  -0.924672  0.375608  0.001219  -0.003030  0.000994  0.000000  0.000000  0.000000  2.000000  
51.131713 0.005322  0.090449  -0.017811  0.996708  0.077337  0.024334  -0.051549  0.372846  0.926460  0.062577  -0.924665  0.375605  0.001222  -0.002933  0.000989  0.000000  0.000000  0.000000  2.000000  
51.132964 0.005323  0.090447  -0.017810  0.996700  0.077461  0.024284  -0.051549  0.372840  0.926463  0.062710  -0.924657  0.375602  0.001168  -0.002804  0.000983  0.000000  0.000000  0.000000  2.000000  
51.134214 0.005324  0.090444  -0.017809  0.996683  0.077708  0.024184  -0.051548  0.372827  0.926468  0.062977  -0.924641  0.375596  0.001111  -0.002677  0.000978  0.000000  0.000000  0.000000  2.000000  
51.135465 0.005325  0.090441  -0.017808  0.996674  0.077831  0.024134  -0.051548  0.372820  0.926471  0.063111  -0.924634  0.375593  0.001075  -0.002583  0.000945  0.000000  0.000000  0.000000  2.000000  
51.136477 0.005326  0.090440  -0.017807  0.996666  0.077955  0.024083  -0.051547  0.372814  0.926473  0.063245  -0.924626  0.375589  0.000994  -0.002497  0.000927  0.000000  0.000000  0.000000  2.000000  
51.137710 0.005326  0.090437  -0.017806  0.996657  0.078079  0.024033  -0.051547  0.372808  0.926476  0.063378  -0.924618  0.375586  0.000950  -0.002407  0.000933  0.000000  0.000000  0.000000  2.000000  
51.138958 0.005327  0.090436  -0.017804  0.996649  0.078202  0.023983  -0.051546  0.372801  0.926478  0.063512  -0.924610  0.375583  0.000917  -0.002232  0.000939  0.000000  0.000000  0.000000  2.000000  
51.139964 0.005328  0.090435  -0.017804  0.996641  0.078329  0.023923  -0.051546  0.372907  0.926436  0.063645  -0.924557  0.375692  0.000866  -0.002116  0.000941  0.000000  0.000000  0.000000  2.000000  
51.141213 0.005328  0.090433  -0.017803  0.996623  0.078576  0.023823  -0.051545  0.372895  0.926441  0.063912  -0.924541  0.375686  0.000778  -0.002016  0.000917  0.000000  0.000000  0.000000  2.000000  
51.142214 0.005329  0.090431  -0.017801  0.996615  0.078699  0.023773  -0.051545  0.372888  0.926444  0.064046  -0.924533  0.375682  0.000740  -0.001937  0.000929  0.000000  0.000000  0.000000  2.000000  
51.143463 0.005329  0.090430  -0.017800  0.996606  0.078823  0.023723  -0.051544  0.372882  0.926446  0.064179  -0.924525  0.375679  0.000681  -0.001804  0.000917  0.000000  0.000000  0.000000  2.000000  
51.144733 0.005330  0.090428  -0.017800  0.996598  0.078946  0.023672  -0.051544  0.372875  0.926449  0.064313  -0.924517  0.375676  0.000605  -0.001708  0.000860  0.000000  0.000000  0.000000  2.000000  
51.145964 0.005330  0.090427  -0.017799  0.996589  0.079070  0.023622  -0.051543  0.372869  0.926451  0.064446  -0.924509  0.375673  0.000549  -0.001580  0.000850  0.000000  0.000000  0.000000  2.000000  
51.147213 0.005331  0.090427  -0.017798  0.996581  0.079193  0.023572  -0.051543  0.372863  0.926454  0.064580  -0.924501  0.375669  0.000524  -0.001429  0.000864  0.000000  0.000000  0.000000  2.000000  
51.148214 0.005331  0.090426  -0.017797  0.996572  0.079317  0.023522  -0.051542  0.372856  0.926457  0.064713  -0.924493  0.375666  0.000487  -0.001328  0.000835  0.000000  0.000000  0.000000  2.000000  
51.149465 0.005331  0.090425  -0.017796  0.996572  0.079317  0.023522  -0.051542  0.372856  0.926457  0.064713  -0.924493  0.375666  0.000461  -0.001257  0.000804  0.000000  0.000000  0.000000  2.000000  
51.150469 0.005332  0.090425  -0.017796  0.996563  0.079440  0.023472  -0.051542  0.372850  0.926459  0.064847  -0.924485  0.375663  0.000435  -0.001099  0.000823  0.000000  0.000000  0.000000  2.000000  
