-0.202518676843789 0.972659977158643 0.113660698410619
0.243814139893127 0.954232442440348 0.173190966803995
0.0836535274946778 0.988648471411612 0.124804997148272
-0.0332605315587585 0.997002645429204 0.0698531462970504
0.218085084626494 0.970695462879141 -0.10094163763931
0.0539956422515559 0.966156501193504 0.252242117457353
0.25586018756396 0.954319739867676 0.154302943972647
-0.0851207791570974 0.986391821793896 0.140661390771622
0.0370698638041665 0.993822374423268 -0.104608380607087
0.086862513257395 0.992686798592105 0.0838321161105093
