0.0124419763850403 0.716413643443147 0.697564827605398
0.0473143620768872 0.726691689689306 0.685332429757821
-0.10965828278712 0.628470456918717 0.770064897133065
-0.0308746371396142 0.745605764017424 0.665671691936416
-0.018103913906592 0.640821890757283 0.767476092544598
0.097476741893886 0.646793837362454 0.756409952829617
0.0466666089190083 0.54786713400026 0.835262731776261
0.106053331533122 0.789935815966921 0.603948754054017
-0.0705308056106267 0.617948236811658 0.783048773756321
-0.025586872133482 0.738301660856527 0.673985140452605
-0.0636980625394256 0.641221208630951 0.764707733994227
0.0778507895887526 0.776150633684823 0.625723140367252
-0.0288744659183778 0.830760006165019 0.555881351886018
-0.0592925674138056 0.742099800167571 0.66766179914739
-0.0708330266523172 0.648492253801192 0.757918517451
-0.136462506493578 0.648360992630315 0.749003342820927
-0.0582080276846446 0.57405894228278 0.816742405105943
-0.0620772673855372 0.787840755411716 0.612742488314823
-0.0382055534623423 0.597636358231466 0.800856490892386
-0.00375537106999459 0.653525634579208 0.756895066793258
0.111180811586254 0.677464043326777 0.727104736014253
0.00302856540704044 0.709205297147955 0.704995513665765
-0.0356146459527528 0.830905617138905 0.55527241278554
-0.0222314822916792 0.688089461411138 0.725285222715895
0.0211403657412717 0.689639829434165 0.723843899327984
-0.0421588777487608 0.985545360097808 0.164082211761807
-0.00638592104081854 0.632259237400438 0.774730583321891
-0.0116577923134409 0.711725122574989 0.702361335620059
0.0233864020551612 0.813017388876396 0.581769543361906
0.00405091048211541 0.666416109101884 0.745569017364436
