-0.001690648684779 0.923968458225698 0.382464939453347
-0.00569094805943306 0.999455452162364 0.0325024961058156
0.0104492528796213 0.94666430711431 0.322052018702012
0.0710215591165373 0.996703777823368 0.0392111898988334
-0.0822294691989405 0.818627830595476 0.56840723901953
0.0994740737921097 0.994971039422003 0.0117277173695607
0.223872813652966 0.870073427439604 0.439150537026433
0.0658712409892834 0.991503641478025 -0.112167323879766
0.0829900767356563 0.993111154896394 0.0827217092652226
0.145034417310144 0.928453055386015 0.341964825296229
-0.216677750648503 0.900504262265213 0.377018336445444
0.288112145795172 0.773799414783899 0.564115109818375
-0.0079142205412258 0.785536729322993 0.618764423668459
-0.0319205329572446 0.978502895132218 0.203747794573567
0.0418147056817485 0.968652424004783 -0.244875502773157
-0.273857915720104 0.880274067591185 0.387452458920976
-0.281924189738264 0.630659980097304 0.723039930255647
0.117027245807622 0.93925040608865 0.322665923829876
-0.0661477161498396 0.917177281490944 0.392950778043564
-0.161918694343661 0.649789953470308 0.742667727042921
0.139842018365334 0.972832143592757 0.184504282585068
-0.0953077213038919 0.974794044897946 0.201725080967539
-0.096397679765054 0.853710383816082 0.511748051193663
0.0714425328388611 0.783009040014644 0.617893848291852
0.242621496349488 0.938910993335346 0.244092105778062
0.0409461632125876 0.920087457580268 0.389567044450177
-0.0255073192733457 0.907584917121547 0.419093062310702
-0.000411352367250349 0.913420303672711 0.407017419317261
-0.400595145719508 0.909538532217415 0.110739277755262
-0.00978574563766195 0.947921592898439 0.318353408807257
