-0.048352762620419 0.764429554039894 0.642891489488967
-0.102444331271232 0.974787589926947 0.198227933235468
0.0259122110860216 0.908674451573873 0.416700490008776
-0.302958547665985 0.83620507196178 0.457140236712447
-0.460672981756644 0.623164315361867 0.632017911090356
-0.0637222996970708 0.895962185494632 0.439535243962301
-0.0953390089425225 0.892653485981321 0.440545374892591
0.0651742415937441 0.972896948466576 0.221864476419963
0.0132460149923538 0.900685991339026 0.434268681915307
0.265765404517158 0.855236412602353 0.4449038416567
-0.0792333579715421 0.510199876173506 0.856398366028971
-0.0306629132654428 0.816215240722487 0.576933676051597
0.0110162752052392 0.491106000633387 0.87103015896264
-0.188381329345818 0.728052225089782 0.659130057193359
0.0420221771655962 0.533884444168446 0.844512603163039
-0.0736513580423561 0.764446061618081 0.640466780040247
-0.0518345844932727 0.78972939812786 0.6112615263396
-0.0564062730087193 0.708647835102318 0.703304043902823
0.0863913274046692 0.696598340584665 0.712241033951254
0.0649641189375154 0.964576029446823 0.255680947016539
