0.0178064492534568 -0.282104027685406 0.959218561084311
0.0239755612365965 0.0362151273436332 0.999056373291755
0.00356858407695475 -0.232547620789853 0.972578464326999
0.142108912456199 0.0825471809487166 0.986403071729775
-0.0514426175733384 -0.566565541936337 0.822409352930515
0.0921248744169936 0.0349866883343007 0.995132623901484
0.272626402449538 -0.251943040405474 0.928547009622382
-0.00235284698480062 0.117891592814347 0.993023683733053
0.0844005987047921 -0.038306430701666 0.995695312987448
0.149113931621964 -0.177543488440855 0.972750402265911
