-0.042225214837919 0.842923855738807 0.536373381757815
0.310229268605317 0.878301706356269 0.363791030005243
-0.174317789479385 0.738607637825503 0.651208158438492
-0.0338729034470404 0.974854644239753 0.220252239526078
0.0725030201148304 0.996780489243273 0.0342340231081561
-0.165846977151806 0.881603270298182 0.441894166027521
-0.509364524449298 0.37285230226837 0.775582969079206
0.326925530596551 0.311009653615255 0.892408366613784
-0.0493924541851931 0.87139432172595 0.488090484985454
-0.215412283356513 -0.221181156673219 0.951144807120257
