0.103887763271072 0.994106514589914 -0.0309769316173748
0.0776048072458219 0.993708973417446 -0.0807463314459843
0.0522530675446663 0.984099331466228 0.169759013722086
0.185601350761256 0.97313223434278 -0.136256350599247
0.125966989200811 0.837110867541399 0.532332333299199
0.0700610141813392 0.971399372852438 -0.226880392969009
0.0697077889325388 0.989209116132629 0.128864846728033
0.147930682231241 0.988442453921226 0.0331365137089666
0.0851502501856762 0.995579999398038 -0.0396219597182944
0.200481251246652 0.979167221315238 -0.0322307399910738
-0.21399952146983 0.974251517217086 0.07098018040897
0.239465591151756 0.961586530946965 0.134192302892983
0.0809622227601051 0.986999193822027 0.138844192822068
-0.0267309055314275 0.994021801440311 0.105858948373899
0.232679698495471 0.967698264551967 -0.0970578522901061
0.0234963560452019 0.957264489204755 0.288257903551935
0.240279638868651 0.956665570297748 0.164489153903941
-0.090251297411763 0.985327555292982 0.14485962893729
0.0369359080240493 0.986327554143219 -0.160604155102832
0.0885604493388874 0.991576112728581 0.0945190958429562
0.112085743047962 0.987814318134336 -0.107979901343644
-0.0602948510645491 0.995981035320336 -0.0662292096988556
0.0304119235782089 0.985428806568806 0.167347489041966
-0.0466085807383334 0.961323812106936 0.271448279563063
0.389451470364638 0.919792351329419 0.0480581175944359
0.359945395495059 0.903397532865014 0.233049801277135
0.174060153380297 0.969674730094278 0.171563343467702
0.0206331457670869 0.983134755272725 0.181714958852027
-0.0757990910854049 0.947258015529653 -0.311378788303652
0.108912135009738 0.983856240890614 0.14200367638977
