0.0879878939359727 0.972966899097012 0.213526447500669
-0.144936204674291 0.988362299935645 0.0461893996554949
-0.0982650788296423 0.889989154518376 0.445267648861076
0.0673131361942733 0.768208850352558 0.636650692244729
0.252874449681186 0.957998642705989 0.135252036110072
-0.160084402683688 0.856561492287956 0.490586785336536
0.044706820233048 0.960658119189202 0.274111798834918
-0.00366611335865998 0.96625195309789 0.257572752338741
-0.328114820699324 0.918624543784454 0.220158152232105
0.0742629592548147 0.975977954814548 0.204821982703834
