0.157784265877335 0.926400788676928 0.341885513264772
-0.0706129963381692 0.968194329211933 0.240028218403587
0.0565113396204956 0.827011514666025 0.55933748587423
0.0382568260127758 0.679605521769692 0.732579517897936
0.262375963155118 0.699237475204741 0.665000606937861
0.145916563553474 0.869659121143824 0.471594496884872
-0.154962835192546 0.536951588597834 0.829258410395306
-0.0201128580829378 0.789034045340313 0.614020152953986
-0.304504304439288 0.912910868544867 0.271791969474084
-0.196744734848366 0.884114935125493 0.423830497719892
