-0.00728653984691636 -0.947670861274069 0.319165858182112
0.0545260456340545 -0.73461156270758 0.676293399556613
0.185949813943161 -0.544359302015507 0.817982650796271
0.322368161283706 -0.686714017794116 0.651538660676115
-0.223288203707516 -0.613899505085427 0.757145808771956
-0.0612026797284652 -0.889974708506535 0.451884111485193
-0.104658802181012 -0.783297034650397 0.612774257483073
-0.031833940224246 -0.693079722825695 0.720157689716396
-0.151051084096614 -0.823553367510318 0.546757186377695
-0.121498631539317 -0.796542743281212 0.59224803981112
-0.0702119753691758 -0.761380257427837 0.644492344495945
0.0415356042336311 -0.738590807002274 0.672873252100778
-0.229946065949514 -0.710760370692542 0.664789065950502
-0.0455557656615339 -0.765910159606871 0.641331661175377
-0.0515239880707976 -0.602175351515061 0.796699519694215
-0.159812146321264 -0.950841899873448 0.265254141029396
-0.0670412262977036 -0.772772831662607 0.631132018377024
0.0643605294806504 -0.669673280350321 0.739861757242399
-0.100903870521628 -0.648996599809873 0.754070170706267
-0.0105235783840546 -0.807743126198258 0.589440664000593
