0.0669609019257613 -0.733486547396048 0.676397606739049
0.0114684293488988 -0.705818282911158 0.708300096453907
-0.0394894188592708 -0.57244839902155 0.81898926504309
-0.0402961139315273 -0.713449921353873 0.699546590958866
0.0214145711616028 -0.72402708779325 0.689439041745962
-0.0758094827656381 -0.349211969092376 0.933972121085759
-0.0180531188886582 -0.745353195737559 0.666425313521478
0.0068799712717805 -0.704218487034909 0.709949990149703
0.0168733354059383 -0.596617518313597 0.802348320490299
0.00587714545145604 -0.749017713929314 0.662523904007581
-0.105984683301599 -0.83234822513391 0.544025439682639
0.101344822084118 -0.784626476501308 0.611629397110604
-0.207534473660563 -0.7145102457055 0.668135129314646
-0.0388344948079287 -0.760345256533942 0.648357133746014
-0.0487780267740552 -0.608821444802752 0.791806259417238
-0.170540679010559 -0.87742065382531 0.448384737745814
-0.0661439925685448 -0.810729001517427 0.581672982306767
0.0631736057713513 -0.690496058405002 0.720572195453725
-0.107642781488914 -0.681741051690998 0.723631238983353
-0.0814600609646297 -0.726461463783516 0.682362074052442
