-0.00907585610217378 0.714610669332339 0.699463523074934
0.0233418706251065 0.725375992786551 0.687956994415092
-0.128404280654631 0.650323066582107 0.748727086314374
-0.0517264117503869 0.736358270327617 0.674611648318905
-0.0379028753898833 0.669018138587164 0.742278992211517
0.105942236505946 0.646419686212632 0.755591047988845
-0.0028185670758442 0.61069516386981 0.791860765858282
0.0825773823039782 0.787385854938278 0.610904649986346
-0.0966728875514265 0.621608719598797 0.777339663552049
-0.0173118211942772 0.735736906356252 0.677046161995081
-0.0776756698880183 0.627078587270903 0.775073503413564
0.024758984253614 0.815630291636205 0.578043441329601
0.00193376897181643 0.819809824153781 0.572632615870341
-0.0594957423526841 0.768854963197599 0.636649277238513
-0.0384350329899613 0.673679398906325 0.738023587514839
-0.0869133665208187 0.654107352312984 0.751391800840358
-0.0596518229489971 0.582411145159976 0.810702730976224
-0.0616667296798366 0.768713992570565 0.636612921701104
-0.0594058080738471 0.631285909106735 0.773271654032641
-0.0231888041929848 0.665626312645552 0.745924856318641
0.0669609019257613 0.676397606739049 0.733486547396048
0.0114684293488988 0.708300096453907 0.705818282911158
-0.0394894188592708 0.81898926504309 0.57244839902155
-0.0402961139315273 0.699546590958865 0.713449921353873
0.0214145711616028 0.689439041745962 0.72402708779325
-0.0758094827656381 0.933972121085759 0.349211969092376
-0.0180531188886582 0.666425313521478 0.745353195737558
0.0068799712717805 0.709949990149703 0.704218487034909
0.0168733354059383 0.802348320490298 0.596617518313597
0.00587714545145604 0.662523904007581 0.749017713929314
