0.0706087041302987 0.454419428044517 0.88798501919612
0.169543402115376 0.79802594349063 0.578281616788079
0.0755016298876228 0.464563596912709 0.882315231823546
-0.159764435119152 0.788182317216541 0.59434330155073
0.089129563790342 0.52911622003949 0.843855406186194
0.0423757341727577 0.795240633741771 0.604811236336847
-0.0685779795927682 0.762923599762395 0.642841070281421
-0.0584208479440289 0.759281748533979 0.648134423456033
0.180250599950431 0.683070355540204 0.707760277636213
-0.0164880087713952 0.967214086112099 0.253426630789055
