-0.0455094219466072 0.871342969273302 0.488559435905266
0.0802160208093178 0.914877448855534 0.395682503506422
0.0619815277444129 0.877662635014714 0.475254236506627
-0.181605851042468 0.882874545056346 0.433072571930723
-0.223548170995328 0.757062033769926 0.613908211599085
-0.04684112482893 0.847063765459014 0.529423163708538
-0.046838365541173 0.896167851021655 0.441236161605847
0.0114927910716295 0.961470449812196 0.2746679629868
-0.0668110750769505 0.859366179231156 0.506977366596091
0.093456630436827 0.827789125937586 0.553200706079523
-0.0212437437671754 0.518116977642882 0.855045905685162
-0.0143527953292732 0.79843312464655 0.60191240453523
0.0490882593020621 0.542803130610589 0.838424179158758
-0.14137756549977 0.730449195833957 0.668173896735635
0.0597503895159791 0.522688136252155 0.850427541401346
-0.00958375256494738 0.784346997985096 0.620248287735276
-0.0633938360998044 0.709189969177389 0.702161526404519
-0.00221837500470509 0.735195684571339 0.677851299475053
0.0669712521962067 0.669064324244955 0.740180911265559
0.11135752036736 0.953584882230683 0.279777366916497
