-0.100720603453251 0.757460481477754 0.645065096745671
0.083150000203063 0.750727607507695 0.655358021841499
-0.0389216832477152 0.757438115981703 0.651745811671432
-0.0252445537157839 0.766585716324825 0.641645581325427
0.0816588089910312 0.51086207480031 0.855775542677453
0.127766885915679 0.63876081701741 0.758722769861733
0.0630135433713676 0.460087013492824 0.885634932332187
0.218333100481509 0.795465420629108 0.565301177972847
-0.0218070171716024 0.596255033467309 0.802498840539334
-0.0688803976352407 0.604183257427438 0.793862760347141
-0.2411443440471 0.627729096692405 0.740138896761838
0.0576598031802558 0.730979034810903 0.679959555976776
-0.0318586601577551 0.864679234433183 0.501313123020929
-0.0210389555657621 0.771964018740435 0.635317964580586
-0.204207775828134 0.49970399905512 0.841780908324516
0.0143976491306547 0.722340270377803 0.6913879095631
-0.0855220519526637 0.557993948823235 0.825426393875589
-0.0418330050412795 0.797426440091662 0.601964344734766
-0.0294177126640025 0.623168648670306 0.781534025808245
-0.0454319449757788 0.735758461993189 0.675718450229927
0.123449704005893 0.655284382082987 0.745226508639471
-0.0034265084422098 0.68406060575999 0.729417128046203
-0.00625042999949799 0.861030613920287 0.508514713668027
0.000510065378039582 0.665135864999732 0.746722184566904
0.00389236715188696 0.78049951477039 0.625144268886104
-0.0267362424217391 0.998589335874683 0.0458749563326696
-0.0722146764437813 0.616098849452994 0.7843514825694
0.0288022326072371 0.75209253209337 0.658427865879188
-0.035113873281818 0.830494060262757 0.555919627078797
-0.0220646392184694 0.671397654186458 0.740768750453932
