0.0731736995745785 0.389758948231793 0.918005213473113
-0.0543055886137164 0.258197142174646 0.964564740604882
0.0352323179965867 0.373319548880936 0.927033547500802
-0.0639810188331172 0.262991596081129 0.96267432167882
0.092684151357786 0.453791957697442 0.886274510079248
-0.0708085692620005 0.376657194600931 0.923642519741499
-0.0750882264854773 0.40149455877228 0.912778109684669
-0.0268101773144225 0.209751965646895 0.977386989528525
-0.0664907635685578 0.312779668951561 0.947495570992615
0.0355053076549019 0.257616047195702 0.965594814275425
0.0690286851250021 0.0506797078506692 0.996326556828676
0.0731130552542705 0.0479132103110592 0.996172076214282
0.0561439648632281 -0.169759109006573 0.983885003503322
0.19688405143128 0.147493951163144 0.969268902143409
0.0945505064569395 -0.560941878760084 0.822438089087467
0.117680948996799 0.192806111746075 0.974154503924594
0.0754689138975902 -0.16033583233667 0.984173187962376
0.153033122986575 -0.0355402268185952 0.987581771574718
0.0767166178032656 0.0555579716210556 0.995503828391524
0.191623106239952 0.0500219093893165 0.980193039016295
