-0.0473576145150292 0.884320637291921 0.464472030166571
0.0947730594048337 0.89158792330566 0.442819423949028
0.0566213864115297 0.876977033614689 0.477184766220817
-0.14271933303917 0.87310220658345 0.466179931824574
-0.150619974132887 0.787861290843475 0.59715007308269
-0.0386129712111003 0.822924422256336 0.566837219762716
-0.0681320092220445 0.902239682170356 0.425818723445203
0.0136520123017917 0.958474970377076 0.284849703740016
-0.0299622214255931 0.848140273385179 0.52892375816308
0.116820809036442 0.804982553250515 0.581683752169814
0.0882143185640578 0.98492313229054 -0.148810811029544
0.0736181609406579 0.993620890558123 -0.0854277017494806
0.0492513115723019 0.98801261654211 0.146305768382595
0.193413501223484 0.969093749743204 -0.153129101587941
0.128249140222412 0.809420000265774 0.573054466173998
0.0711285863975113 0.972923948854748 -0.219908421716804
0.0683935914999073 0.989982228584684 0.123521268323502
0.161598599571407 0.985750007993882 0.0467205988469899
0.0816851344659274 0.995616656290352 -0.0455523053697846
0.194851695141808 0.978976645096582 -0.0603120655906043
