-0.0153749654204676 -0.377265018194615 0.925977708416858
-0.00569094805943306 -0.0325024961058155 0.999455452162364
0.0165234763793694 -0.293297913250396 0.955878291840182
0.139165717178788 0.0445268131442065 0.989267540189879
-0.0907224138533645 -0.565723451484677 0.819589177615763
0.106200281256349 -0.011368494974884 0.994279768265994
0.246643149793943 -0.320525391710367 0.914565814979239
0.0386895654029118 0.0827735636694479 0.995817078928853
0.0801693561942914 -0.0692675596849455 0.994371600309806
0.170305646204591 -0.217943316578641 0.96098735560336
0.11099193958082 0.0555475787660967 0.992267733951534
0.0724921766541566 0.0763716799884667 0.994440672347869
0.0548680959132584 -0.162551993192156 0.985173254590334
0.191078015872494 0.15964462636352 0.9685054388714
0.117296389704767 -0.54376727149285 0.830998622992511
0.080026066527252 0.216267007171424 0.973049027688375
0.0647757366941434 -0.138552513857641 0.988234438197465
0.141251451356786 -0.0542214075156531 0.988487767479509
0.0823090260434437 0.0303803882015894 0.996143692568748
0.184676818429943 0.0303811612045195 0.982329607503744
