0.221305197236486 0.655251664394471 0.722266755419628
-0.711686293903493 0.0223578712422839 0.702141541758799
-0.00244032499093025 0.878409318150077 0.477902829664207
-0.458294500127859 0.875360200838748 0.15398269363829
0.177955444009359 0.579092942148708 0.795602428541407
0.0187837335567963 0.868758625992387 0.494879400579058
-0.239376492211256 0.802418257090161 0.54664781684831
0.0106508431991793 0.789525344890837 0.613625528571091
0.253362155379884 0.19809489626313 0.946871707411178
-0.354554894209692 0.916374415291496 0.185872961968982
