0.0239693164114891 0.728529139795311 0.684595328891361
-0.000741335528812437 0.661252478316799 0.750163055836213
-0.0517529200040782 0.769034396312304 0.637108885952489
0.0167634758324736 0.647092659746802 0.762227049887252
0.058726652852291 0.67631414992741 0.734268582231823
0.000221297976612933 0.565790433576813 0.824549050269399
0.0917250184209284 0.725247304289806 0.682350986381679
-0.0156778857224157 0.74303593307616 0.669067863566107
-0.0344165875048838 0.738443721698573 0.67343623928957
-0.0209892971138551 0.696690790973148 0.717064426101223
-0.239548749759229 0.906433982832317 0.347841675558772
0.0956229640087449 0.799829178167555 0.592561840237789
0.0443358424504389 0.820747298361999 0.569568437771695
-0.0608750983348512 0.982710028130138 0.17485772220633
0.0256307199833802 0.954837560270999 -0.296020775772344
-0.314300175565322 0.868524408232218 0.383250247155149
-0.298798650492262 0.672600165395621 0.676999545032186
0.0782564134346725 0.953452733026596 0.291210953846962
-0.112349792374754 0.940117991238945 0.321800694067308
-0.3014936468342 0.61882036183268 0.725370898713124
