-0.107255605612408 0.620252393708986 0.777034878987416
0.0115433068083881 0.702241093812082 0.711845628089081
-0.0460261009050648 0.718985760506414 0.693499152288228
-0.00827478534828489 0.725004459221539 0.688694462034017
0.0615721589714445 0.730730689971043 0.679883466466157
-0.00549317782534421 0.738436193565907 0.674300981038344
0.0477255238144294 0.822971449153301 0.566074437026752
-0.0291794816962268 0.70508991050645 0.708517308151287
0.021439383148039 0.688559729858916 0.724862643034422
0.0155072826993872 0.626455215273033 0.779303142198528
0.0879878939359727 0.972966899097012 0.213526447500669
-0.144936204674291 0.988362299935645 0.0461893996554949
-0.0982650788296423 0.889989154518376 0.445267648861076
0.0673131361942733 0.768208850352558 0.636650692244729
0.252874449681186 0.957998642705989 0.135252036110072
-0.160084402683688 0.856561492287956 0.490586785336536
0.044706820233048 0.960658119189202 0.274111798834918
-0.00366611335865998 0.96625195309789 0.257572752338741
-0.328114820699324 0.918624543784454 0.220158152232105
0.0742629592548147 0.975977954814548 0.204821982703834
