-0.0183908763645089 0.818812009165896 0.573767086292212
0.0802509967261634 0.883199973784571 0.462079629318789
0.0649006917746755 0.826805081284313 0.558731829923451
-0.0933960724075115 0.884588616384045 0.456924669308423
-0.0657780946736204 0.748074733915341 0.660346450538352
0.0089510304659592 0.769534149317456 0.638542928931059
-0.119476938510382 0.901470710960182 0.416023819564614
0.047757194098651 0.962425677255642 0.267312674916178
0.0565643466220585 0.833902265887389 0.54900590674336
0.158288680385522 0.734134462322879 0.660296361410319
0.135187753839592 0.810865972127898 0.569403763999576
-0.132189268510053 0.729930335927066 0.670617403579849
0.0624849312454274 0.665258406482532 0.743993874955685
-0.028617863592491 0.798815813873154 0.600894594242261
0.199880672740466 0.776467029510652 0.597617493676116
0.124666139160179 0.751006438798002 0.648419372498106
0.102231255275981 0.705338699808242 0.70145996963299
0.0221978941797476 0.751524148421011 0.659332016387843
-0.0883702196582772 0.5459621951526 0.83313623480299
-0.0731415190318999 0.717166638031614 0.693052906702035
-0.026227221426898 0.344665046136638 0.938359280248165
0.0775987694362667 0.587850183894898 0.805239462692131
0.0054971232050946 0.688318664352484 0.725387619097873
0.143992939243794 0.620305133926727 0.771030203216501
-0.0896665534620507 0.725193729614478 0.682681451130818
-0.0817636385994602 0.55325421819 0.828990034595078
-0.0536430740306986 0.615395658175247 0.786390872599365
0.0241407199412037 0.681164488820564 0.731732304063815
-0.146671009950376 0.655869896157077 0.740487875765054
-0.0873952900538163 0.636833819456162 0.766031820274645
