0.16830908540988 0.77808105874945 0.60519576814765
-0.226754295179782 0.442465105799426 0.86764458147759
0.0937043670904264 0.735780702486295 0.670705784556058
-0.164232399123585 0.801472625855157 0.575038563126814
0.31062053007522 0.744847398288769 0.59052285269771
0.173298377053995 0.775765511848392 0.606758224614264
-0.00599037482076994 0.891309887917229 0.45335504751848
0.065988598041531 0.816902963993034 0.572987829144659
0.0343804839535341 0.441329592465548 0.896686217769245
-0.114178148531123 0.823469701560446 0.555752643727365
