-0.0287596038598487 0.851257912270722 0.523958826609798
0.0868361691796404 0.885481207649122 0.456489332430078
0.0685702166344764 0.841468113226203 0.535937999972231
-0.108500986834382 0.896127483456014 0.430329024411271
-0.0798279974562947 0.765866807073299 0.638024705356672
-0.00365977573321089 0.778104617569447 0.628124040424092
-0.114240783735469 0.899534925769585 0.421646724939508
0.0735839136836314 0.959518311624347 0.271863968382281
0.0348664810104406 0.843318639236183 0.53628164355941
0.163871617656358 0.748488133374507 0.642581984749211
0.130180848290688 0.801427366454507 0.58375262143832
-0.136842517655056 0.636229864453597 0.759266544066828
0.0610376199649419 0.676568242618627 0.733845911638784
-0.0539455141222614 0.794324094101774 0.605094302597108
0.223893926174224 0.774901264417025 0.591100279332692
0.144557922335759 0.759067653398803 0.634759249364358
0.0883756952639027 0.722430771891689 0.685772204387579
0.0401923071276558 0.765887746042048 0.641716868182836
-0.0652490189683103 0.544389234153642 0.836291173731544
-0.0695197394453556 0.725308738027047 0.684904548363538
-0.0425290726201604 0.342821714830378 0.938437291364121
0.082281175706175 0.587598235047693 0.80495845997992
0.0229152865052088 0.690715629532439 0.722763314484064
0.157766187575796 0.624636301720303 0.764813258665788
-0.0993691069667923 0.723581225775817 0.683049039444012
-0.0787305026545373 0.515132109839686 0.853487209841997
-0.0468977594290659 0.599831528201524 0.798750735796818
0.0300776570827636 0.678512694069534 0.73397265516565
-0.138198950294595 0.642338374159849 0.753858384061061
-0.0888037973541992 0.636436218569092 0.766200251415353
