-0.109514042984844 0.610093291897833 0.784724696674177
0.0128878373755692 0.714045354515167 0.699980810696329
-0.0565598207969358 0.718141450184426 0.693594870366289
-0.0137498830145727 0.720526000395159 0.69329158618264
0.0639283008143428 0.73935764597852 0.670271171756695
0.00894522272287401 0.723102548722469 0.690682768730702
0.0341843076682053 0.832908302985991 0.552354226856501
-0.0315585876849628 0.706033021160358 0.707475390790738
0.0193480288657548 0.67746025394878 0.735304874251942
0.0151572495773681 0.623878175953651 0.781374608849043
0.0995743508506523 0.97586217529911 0.194365540858352
-0.0876581280932033 0.99186050989486 0.0923514022108136
-0.100412922200237 0.879773741951826 0.464666986160295
0.0623170714595924 0.756948548044458 0.650496332209557
0.262898728973868 0.951419075313764 0.160268529141021
-0.138646803424938 0.871726751086177 0.469967589670592
0.0208833583468585 0.959741349809419 0.280107884234183
-0.00297133560497759 0.960123080665612 0.279561873541256
-0.370698828833666 0.921460679783066 0.116157625298896
0.0665443419196741 0.972495325203542 0.223214455212322
