-0.048352762620419 0.764429554039894 0.642891489488967
-0.102444331271232 0.974787589926947 0.198227933235468
0.0259122110860216 0.908674451573873 0.416700490008776
-0.302958547665985 0.83620507196178 0.457140236712447
-0.460672981756644 0.623164315361867 0.632017911090356
-0.0637222996970708 0.895962185494632 0.439535243962301
-0.0953390089425225 0.892653485981321 0.440545374892591
0.0651742415937441 0.972896948466576 0.221864476419963
0.0132460149923538 0.900685991339026 0.434268681915307
0.265765404517158 0.855236412602353 0.4449038416567
0.209430871751093 0.70912467055712 0.673261399134715
-0.315921835796008 0.363116879400804 0.876549784987426
0.109118577609021 0.770915868747118 0.627520405512411
-0.21609900255957 0.833338411983757 0.508771375182556
0.318003077048364 0.772649387126394 0.549442415145555
0.124812833530704 0.831197676446391 0.541786101017881
-0.0680789974350784 0.853097579597789 0.517290798093904
0.0520004463245226 0.81229779138587 0.580920176695292
0.156399018256614 0.34245637844134 0.926424835565848
-0.2126289463358 0.877650655022048 0.429555885676704
-0.00728653984691636 0.319165858182112 0.947670861274069
0.0545260456340545 0.676293399556613 0.73461156270758
0.185949813943161 0.817982650796271 0.544359302015507
0.322368161283706 0.651538660676115 0.686714017794116
-0.223288203707516 0.757145808771956 0.613899505085427
-0.0612026797284652 0.451884111485193 0.889974708506535
-0.104658802181012 0.612774257483073 0.783297034650397
-0.031833940224246 0.720157689716396 0.693079722825695
-0.151051084096614 0.546757186377695 0.823553367510318
-0.121498631539317 0.59224803981112 0.796542743281212
