-0.2411443440471 0.627729096692405 0.740138896761838
0.0576598031802558 0.730979034810903 0.679959555976776
-0.0318586601577551 0.864679234433183 0.501313123020929
-0.0210389555657621 0.771964018740435 0.635317964580586
-0.204207775828134 0.49970399905512 0.841780908324516
0.0143976491306547 0.722340270377803 0.6913879095631
-0.0855220519526637 0.557993948823235 0.825426393875589
-0.0418330050412795 0.797426440091662 0.601964344734766
-0.0294177126640025 0.623168648670306 0.781534025808245
-0.0454319449757788 0.735758461993189 0.675718450229927
0.209430871751093 0.70912467055712 0.673261399134715
-0.315921835796008 0.363116879400804 0.876549784987426
0.109118577609021 0.770915868747118 0.627520405512411
-0.21609900255957 0.833338411983757 0.508771375182556
0.318003077048364 0.772649387126394 0.549442415145555
0.124812833530704 0.831197676446391 0.541786101017881
-0.0680789974350784 0.853097579597789 0.517290798093904
0.0520004463245226 0.81229779138587 0.580920176695292
0.156399018256614 0.34245637844134 0.926424835565848
-0.2126289463358 0.877650655022048 0.429555885676704
