0.0173042615876514 0.969631916479049 0.243955957246532
0.0393386794099256 0.994270497298265 -0.0993913804338425
-0.000835070027553585 0.977185419132161 0.212386344414024
0.144044724451638 0.985512867564804 -0.089529353967559
-0.0443555571822649 0.82605757045348 0.561837587602987
0.0978301387640948 0.990981829746979 -0.0915656980573356
0.251053507579684 0.935413511742421 0.248945171436703
-0.00386553042023095 0.991203448508512 -0.132290518705624
0.0831176200699028 0.996275639456822 0.0229414790023533
0.163551599029017 0.975849090343752 0.144808243309294
-0.239914142208955 0.922920461646807 0.301096373013335
0.0157645268266752 0.862327237148329 0.506105933344058
0.0411569463764859 0.842082162854692 0.537776660675161
-0.0587536004685933 0.985553435483676 0.158847222948025
0.0113782475722282 0.933655128535459 -0.357992508918301
-0.325761286943804 0.850043515038975 0.41389081467085
-0.281297270144345 0.764546017899281 0.579949335997285
-0.0349699348930075 0.993055522251018 0.112329129705241
-0.194965011273742 0.9578520251695 0.21096952921623
-0.329743978699653 0.748815224820648 0.574930141485142
0.0995743508506523 0.97586217529911 0.194365540858352
-0.0876581280932033 0.99186050989486 0.0923514022108136
-0.100412922200237 0.879773741951826 0.464666986160295
0.0623170714595924 0.756948548044458 0.650496332209557
0.262898728973868 0.951419075313764 0.160268529141021
-0.138646803424938 0.871726751086177 0.469967589670592
0.0208833583468585 0.959741349809419 0.280107884234183
-0.00297133560497759 0.960123080665612 0.279561873541256
-0.370698828833666 0.921460679783066 0.116157625298896
0.0665443419196741 0.972495325203542 0.223214455212322
