0.11099193958082 0.0555475787660967 0.992267733951534
0.0724921766541566 0.0763716799884667 0.994440672347869
0.0548680959132584 -0.162551993192156 0.985173254590334
0.191078015872494 0.15964462636352 0.9685054388714
0.117296389704767 -0.54376727149285 0.830998622992511
0.080026066527252 0.216267007171424 0.973049027688375
0.0647757366941434 -0.138552513857641 0.988234438197465
0.141251451356786 -0.0542214075156531 0.988487767479509
0.0823090260434437 0.0303803882015894 0.996143692568748
0.184676818429943 0.0303811612045195 0.982329607503744
