0.0824815324140917 0.762302990762335 0.64194310268545
-0.0412186009199069 0.980964421500874 0.189762563978412
0.0741326617523916 0.910118007176052 0.407663539546275
0.0682336856258439 0.993625169098798 0.0897395535942739
-0.100547534415278 0.832513806401401 0.544803593484899
0.0879847835931807 0.987440256325461 0.13122659046081
0.259259099636246 0.774102709894073 0.577537629761435
0.123513467667128 0.991146940973103 -0.0487048735189929
0.0602026456854958 0.989756111158894 0.129454555254307
0.161888815042585 0.887540171938647 0.431351892031582
-0.102137251342274 0.88631354363955 0.451681618232743
0.20794412780534 0.875463584615988 0.436259958880713
-0.0339533462069445 0.800138076745729 0.598854096106053
-0.0224147197880664 0.986347672937127 0.163143643542544
0.128506878607482 0.972009675575833 -0.196680382187769
-0.22545112330712 0.888303011584381 0.400111922603759
-0.377544964884255 0.486294411224269 0.788021284676111
0.245423579720057 0.670170619508888 0.700455999520645
0.0570887353987768 0.897262003882075 0.437791928523234
-0.235071733672705 0.211250859034149 0.948743566294625
0.146296391301758 0.964535219145232 0.219702473633191
-0.103119187868244 0.964238449860998 0.244152912952218
-0.0249783873759111 0.854061865072509 0.519571372183809
0.0564058673514019 0.719465009895353 0.692234409477466
0.264749834574087 0.861734297394495 0.432806568558068
0.114597901272486 0.898566351279436 0.423610473633859
-0.0440289709022153 0.761816110492261 0.646295337686831
-0.00129237199271967 0.845071941056851 0.534651049015186
-0.0753093914982934 0.935643055981949 0.344819615661458
-0.0636147675663298 0.938067661157658 0.340561630894737
