0.0124775055003913 0.716393061425411 0.697585330549615
0.0263552217299223 0.695145898516164 0.718385399394866
-0.0953161331881845 0.770790855693769 0.629917686315379
0.0696604768354609 0.542541473850048 0.837135692178797
0.0801152345136057 0.709559185016329 0.700076647344984
0.100834401125795 0.333514554956911 0.937336900576039
0.150389851769438 0.790751290365356 0.593376178549738
-0.0641013569780928 0.781111727200376 0.621092171632852
0.0192008435472012 0.742169376207833 0.669937269172533
-0.0330095697255671 0.711831738426742 0.701573905212341
-0.102137251342274 0.88631354363955 0.451681618232743
0.20794412780534 0.875463584615988 0.436259958880713
-0.0339533462069445 0.800138076745729 0.598854096106053
-0.0224147197880664 0.986347672937127 0.163143643542544
0.128506878607482 0.972009675575833 -0.196680382187769
-0.22545112330712 0.888303011584381 0.400111922603759
-0.377544964884255 0.486294411224269 0.788021284676111
0.245423579720057 0.670170619508888 0.700455999520645
0.0570887353987768 0.897262003882075 0.437791928523234
-0.235071733672705 0.211250859034149 0.948743566294625
