0.110818174772979 0.0158584541029761 0.993714164925432
0.0853816568933752 0.0739827981330819 0.993597764815593
0.0503044877766453 -0.169570612871948 0.984233339081623
0.183086317629508 0.12148230313648 0.975562120175606
0.120357182302774 -0.518572469601756 0.846520373316126
0.06196400294999 0.222183571516326 0.97303387550828
0.0632424321968448 -0.134245280983436 0.988928005116402
0.150270666460052 -0.0287834239565281 0.988225804817396
0.0863063144220284 0.0442674955783966 0.995284687376483
0.192726417814131 0.04669884220573 0.98014067664452
