0.00213036625744537 0.741346423935198 0.6711191706829
-0.158400022022091 0.979680935736446 0.123023157080132
0.0396758447369253 0.941218057123718 0.335461467666056
-0.314814872385582 0.828756570464435 0.462659856738055
-0.85239628381291 0.232394624992127 0.468415748685621
-0.0689510329503377 0.907704569827562 0.413905990496926
-0.099492407318694 0.949855573523872 0.29643827406657
0.0359573378157903 0.990249793540385 0.134582377191168
0.0204144549093659 0.983411164139457 0.180237987884441
0.185094261915829 0.829526517518395 0.526902145506772
0.0706087041302987 0.454419428044517 0.88798501919612
0.169543402115376 0.79802594349063 0.578281616788079
0.0755016298876228 0.464563596912709 0.882315231823546
-0.159764435119152 0.788182317216541 0.59434330155073
0.089129563790342 0.52911622003949 0.843855406186194
0.0423757341727577 0.795240633741771 0.604811236336847
-0.0685779795927682 0.762923599762395 0.642841070281421
-0.0584208479440289 0.759281748533979 0.648134423456033
0.180250599950431 0.683070355540204 0.707760277636213
-0.0164880087713952 0.967214086112099 0.253426630789055
