0.206673815846064 0.819705790484696 0.534198793418224
-0.136592347480494 0.571678189209911 0.809028169219988
0.0411943553372158 0.685052445720398 0.727328104572381
-0.106465843679695 0.787100790502902 0.607566761532655
0.253095844837549 0.767444191370175 0.589043212725642
0.120533300019736 0.753124573243804 0.646741912019539
0.0146380413313446 0.78430285417062 0.620205418136444
0.0346887151986751 0.805703864899654 0.591301932284705
-0.0106764847942683 0.507345700606237 0.861676478005988
-0.0411908811858133 0.764922840690544 0.642803515156105
