-0.042225214837919 0.842923855738807 0.536373381757815
0.310229268605317 0.878301706356269 0.363791030005243
-0.174317789479385 0.738607637825503 0.651208158438492
-0.0338729034470404 0.974854644239753 0.220252239526078
0.0725030201148304 0.996780489243273 0.0342340231081561
-0.165846977151806 0.881603270298182 0.441894166027521
-0.509364524449298 0.37285230226837 0.775582969079206
0.326925530596551 0.311009653615255 0.892408366613784
-0.0493924541851931 0.87139432172595 0.488090484985454
-0.215412283356513 -0.221181156673219 0.951144807120257
-0.225636747126754 0.963581803212956 0.143520614766399
0.260422850159384 0.964544099963348 0.0428324449542504
0.0173904126683863 0.990648711606378 0.135324438812237
-0.0899166500693156 0.984999948153937 0.147275585814668
0.266737317663625 0.962350754296263 -0.052270728625385
0.0396758507410357 0.959555514576672 0.278709600325272
0.248880466262261 0.956303370359084 0.153435254595992
-0.0680643935709933 0.992909352971342 0.0974589919394001
0.0522051850081072 0.988900429594696 -0.139106286722402
0.114981574775355 0.993262997773151 0.0144171674358383
