-0.108225644008189 0.62977656636145 0.769200030187854
0.0329675672393506 0.777877092259846 0.627551088635567
-0.0139315525568504 0.837188913600785 0.546736348514797
-0.0494525426844176 0.749430549315093 0.660233517609735
-0.0694883685306465 0.666975271347903 0.741832429898653
-0.0848368019532725 0.638514236905095 0.764919790764918
-0.0555171862361254 0.573901790539813 0.81704013172403
-0.0718867046796317 0.783672482042218 0.617000601766395
-0.0493402952652065 0.641035103832988 0.765923972021357
-0.0161473384340693 0.661354292990955 0.749899835047274
0.14297241772873 0.802719295630683 0.578965128648507
-0.139625451662394 0.608577023176736 0.78111378179457
0.0717245210647954 0.68589317140254 0.724158926273364
-0.0780836461764478 0.79646587382443 0.599620760175028
0.247412327392466 0.761137562494719 0.599547121762619
0.125042571212223 0.763686129682348 0.63336233761997
0.0810103017021814 0.734781021898217 0.673449464233459
0.0196206378389781 0.781956064565392 0.623024673396003
-0.0577633885168812 0.543793756436043 0.837228607614567
-0.0581073104774215 0.74052197574386 0.669515305209291
