-0.115717922969679 0.629794312640056 0.768094060691673
0.00372890973337971 0.664656066142811 0.747140153499839
-0.157250668795801 0.731074010112791 0.663929980420282
0.0666078621730151 0.694699685106557 0.716209285202022
0.100292694461562 0.769375443377563 0.630874633001849
0.0306069404832645 0.59258126841586 0.804928975448706
0.0457169026269095 0.82305820117191 0.56611408947125
0.035742213034094 0.602826079553369 0.797071647982627
0.0667946447390885 0.67015575854791 0.739208857305737
0.00463600291153776 0.706441320671899 0.707756432626612
0.146296391301758 0.964535219145232 0.219702473633191
-0.103119187868244 0.964238449860998 0.244152912952218
-0.0249783873759111 0.854061865072509 0.519571372183809
0.0564058673514019 0.719465009895353 0.692234409477466
0.264749834574087 0.861734297394495 0.432806568558068
0.114597901272486 0.898566351279436 0.423610473633859
-0.0440289709022153 0.761816110492261 0.646295337686831
-0.00129237199271967 0.845071941056851 0.534651049015186
-0.0753093914982934 0.935643055981949 0.344819615661458
-0.0636147675663298 0.938067661157658 0.340561630894737
