0.086352554985133 -0.736021116116485 0.67142844211292
0.00822656964202331 -0.711296343461589 0.70284410457092
-0.042132868008032 -0.566829454616051 0.822757066705044
-0.0303887441441908 -0.715269285955332 0.698187920833846
0.0238313510839275 -0.729599139589617 0.683459700505893
-0.0475715575560099 -0.238202183818269 0.970049826831541
-0.0337832693742804 -0.759678190651312 0.64942107862244
0.00079421868219311 -0.70025702371762 0.713890376704173
0.0174629440559864 -0.574083755764832 0.818610338898699
0.00216934088370268 -0.73908956953094 0.673603668465887
-0.109776096030225 -0.826908890705135 0.551516903832662
0.106880846151107 -0.77406151854666 0.624023437245159
-0.218608150975239 -0.711634465555872 0.667672722042915
-0.033009875058375 -0.750817392397073 0.659684463529868
-0.054174278855617 -0.608954875042454 0.79135270750311
-0.18273528276815 -0.927710108257112 0.32551769762829
-0.0655548270121519 -0.802092078182348 0.593591494862022
0.0715963514953487 -0.697539830044232 0.712960130690643
-0.119063331934586 -0.675010944972057 0.728137450730674
-0.0806557811551995 -0.736331916773236 0.67179606526631
