-0.0907506108397025 0.696699405812105 0.711599792420769
-0.00267023736290789 0.652992840371348 0.757359373254326
-0.182733579975077 0.736380615355652 0.651423079171995
0.0572975622647735 0.640891548369579 0.765490047346768
0.062571630602618 0.750058500090615 0.658404919092762
0.116987640236427 0.74973805947865 0.651311549261258
0.154212797175081 0.824183706570344 0.544921674198601
0.0159981841009961 0.51135767195367 0.859219057888961
0.114524560571431 0.672923885125668 0.730792425968754
0.0702925752006826 0.718766569081556 0.691688927945493
0.157784265877335 0.926400788676928 0.341885513264772
-0.0706129963381692 0.968194329211933 0.240028218403587
0.0565113396204956 0.827011514666025 0.55933748587423
0.0382568260127758 0.679605521769692 0.732579517897936
0.262375963155118 0.699237475204741 0.665000606937861
0.145916563553474 0.869659121143824 0.471594496884872
-0.154962835192546 0.536951588597834 0.829258410395306
-0.0201128580829378 0.789034045340313 0.614020152953986
-0.304504304439288 0.912910868544867 0.271791969474084
-0.196744734848366 0.884114935125493 0.423830497719892
