0.0995743508506523 0.97586217529911 0.194365540858352
-0.0876581280932033 0.99186050989486 0.0923514022108136
-0.100412922200237 0.879773741951826 0.464666986160295
0.0623170714595924 0.756948548044458 0.650496332209557
0.262898728973868 0.951419075313764 0.160268529141021
-0.138646803424938 0.871726751086177 0.469967589670592
0.0208833583468585 0.959741349809419 0.280107884234183
-0.00297133560497759 0.960123080665612 0.279561873541256
-0.370698828833666 0.921460679783066 0.116157625298896
0.0665443419196741 0.972495325203542 0.223214455212322
