0.129569348847432 0.978505862138319 -0.160430862368178
-0.0792227988279312 0.994924363814801 -0.0620423922296836
0.0926051004119453 0.976215063660469 0.196031744521343
-0.0493724199635455 0.960583343332374 0.273572667968388
0.335903924334214 0.93930642136612 0.0697997163120862
0.195228976403872 0.94387035154287 0.266447755199091
0.207468457820011 0.956907491110633 0.203186841272118
-0.03761151546379 0.957782089888055 0.285024283516664
-0.0581054818192452 0.976932903813417 -0.205489304902321
0.1446095691538 0.985566451247408 0.0880161501358864
