-0.0776756698880183 0.627078587270903 0.775073503413564
0.024758984253614 0.815630291636205 0.578043441329601
0.00193376897181643 0.819809824153781 0.572632615870341
-0.0594957423526841 0.768854963197599 0.636649277238513
-0.0384350329899613 0.673679398906325 0.738023587514839
-0.0869133665208187 0.654107352312984 0.751391800840358
-0.0596518229489971 0.582411145159976 0.810702730976224
-0.0616667296798366 0.768713992570565 0.636612921701104
-0.0594058080738471 0.631285909106735 0.773271654032641
-0.0231888041929848 0.665626312645552 0.745924856318641
0.152263911725819 0.795318318579964 0.586757593318647
-0.00336913397018597 0.667150582422112 0.744915263174361
0.201668441898588 0.60161047381628 0.772913111117121
0.127718942965609 0.624245101813383 0.77071779820486
0.0715278471919702 0.731674081023252 0.677891441334718
0.128468020209592 0.876270275402436 0.464377402798163
-0.212549909871936 0.562004507986877 0.799358160536227
0.125745944138283 0.862494712265088 0.49019468463819
0.00961056984897087 0.66042741274747 0.75082838880723
0.0546838373059887 0.678019160816127 0.7330072956688
