0.0790897682425591 0.809370873825458 0.581948105214162
-0.133020803500098 0.742233147001276 0.656806989403105
0.0564048881923096 0.799726194930505 0.597709378987807
0.00341885206407454 0.72694697544075 0.686685085281535
0.149520684384467 0.882061295805545 0.446778955841749
-0.0256562338849472 0.789314325259689 0.613453057374957
-0.0766450063927571 0.823850683793022 0.561600920413085
-0.0385069628385334 0.687979737962827 0.724707592043544
-0.0721136609781349 0.786831571225111 0.612940207870028
0.0643578980139457 0.73108018828787 0.679249452893559
-0.00826757101686669 0.733135280630258 0.680032578311271
-0.0684431045275228 0.711537286040354 0.699306965514403
0.0584563481551346 0.81288550819605 0.579482532890522
0.0709860940405942 0.537867847883506 0.840035209182345
0.0557269136308517 0.697898084987451 0.714025751684089
0.0411014761114216 0.131270446750721 0.990494189014417
0.0606300832881353 0.715967692868629 0.69549569069035
0.106774464653073 0.846187570503235 0.522078355444738
0.0510870510587664 0.748412585410851 0.661262969787939
0.0511832288448317 0.770237046587362 0.635700534174225
-0.127451275001589 0.687974608370356 0.714455814405709
-0.00197667094789469 0.740417653242734 0.672144174666779
-0.0558598975844626 0.822563705282964 0.5659228062139
0.143215304269969 0.603830084917073 0.784141954732624
0.1381299004172 0.786347004543326 0.602144931936219
-0.0189444861019809 0.704790164243979 0.709162838021901
0.169085269537698 0.85107309158251 0.497076215896066
0.0199684812504779 0.599481670265744 0.80013935459515
0.0826027158449771 0.7238836850164 0.684959270250511
0.0284164569602376 0.781500387013274 0.623257290428223
