0.0633319357380544 0.363294868937846 0.929519178994766
-0.0477993229222017 0.252628893065499 0.966381843329374
0.0206299996444492 0.35764072022939 0.93363136105664
-0.0228505970568466 0.278759899955566 0.960088937750513
0.105512707193407 0.400110974620436 0.91037260317356
-0.0219539029177268 0.306961420586358 0.951468713315516
-0.0368092960632065 0.290286345257694 0.956231621250972
-0.02162283340132 0.212741562505198 0.976869223928437
-0.00314294410143307 0.275590554606226 0.961269976704884
0.0437423329258614 0.245423751388899 0.968428515980608
0.11099193958082 0.0555475787660967 0.992267733951534
0.0724921766541566 0.0763716799884667 0.994440672347869
0.0548680959132584 -0.162551993192156 0.985173254590334
0.191078015872494 0.15964462636352 0.9685054388714
0.117296389704767 -0.54376727149285 0.830998622992511
0.080026066527252 0.216267007171424 0.973049027688375
0.0647757366941434 -0.138552513857641 0.988234438197465
0.141251451356786 -0.0542214075156531 0.988487767479509
0.0823090260434437 0.0303803882015894 0.996143692568748
0.184676818429943 0.0303811612045195 0.982329607503744
