-0.249927571641382 0.923136473953509 0.292156224287835
-0.0375231683227246 0.859068176246189 0.510483966839381
0.0315278868298039 0.856781226643646 0.514715379625532
-0.0940783378552588 0.988156444245787 0.121227505302697
0.00255794142901767 0.927016337119473 -0.375012223333108
-0.315809201515923 0.849715966087134 0.422193468938689
-0.266475771660868 0.77894345834009 0.56765989097956
-0.0520808275763772 0.995567231471334 0.0783165054089058
-0.207430979447501 0.961314677733455 0.181235976394519
-0.297671272202077 0.800873990293614 0.519608184478248
