-0.107255605612408 0.983058141684163 -0.148636890216382
0.0115433068083881 0.967596944404075 -0.252235812778094
-0.0460261009050648 0.960080763637785 -0.275910357413715
-0.00827478534828489 0.958929129177886 -0.283525048525843
0.0615721589714446 0.954161698558239 -0.292889607606775
-0.00549317782534421 0.953179876158929 -0.302354012182787
0.0477255238144294 0.901720567474792 -0.429676963042676
-0.0291794816962268 0.966138943133207 -0.256367120375038
0.021439383148039 0.972029328051599 -0.233878896563561
0.0155072826993872 0.988123926029479 -0.152874559660431
0.118295285627531 0.985889847763025 -0.118437466521787
-0.0478629352574891 0.994807891427243 -0.0898131314598275
0.0355652792822755 0.980446678867266 0.193544363926524
-0.0246564807063176 0.964588221569441 0.26260544695166
0.431214988515306 0.901471501788797 0.0374535064098885
0.359320192631987 0.908844854482208 0.211872673198141
0.187347449787272 0.970105903833688 0.154257798523216
0.0220661298493672 0.98611982442251 0.164562382683249
-0.0917429742429202 0.947498247799928 -0.30631731438678
0.0997354812689625 0.987176672474687 0.124639685084056
