0.027120536249789 0.953313677318895 -0.30076154865649
-0.00702761026867909 0.981353096960274 -0.192085168038529
0.00697883481952393 0.927142694725419 -0.374643456478089
0.0133466096343312 0.977883055327642 -0.208726131843487
0.058492102242095 0.97403122349291 -0.218727798041777
-0.0570240354492579 0.991253488202467 -0.119015887626503
0.0877714169139258 0.958345617107358 -0.271790096478953
-0.0194358018250634 0.952735556449306 -0.30317851026194
-0.0252081334319899 0.948974168620566 -0.314344679133879
-0.0220601107017348 0.970966876444641 -0.238194618669618
-0.226476607382063 0.972107445339581 0.0609545816494915
0.279976996241002 0.956096860359726 0.0865544636985281
0.0506407707368434 0.988687820402297 0.141180402773665
-0.0415469691985287 0.993857305095813 0.102574394748902
0.230559385297961 0.965972644217187 -0.117214420934811
-0.0011799692024986 0.954737414570346 0.297447603608119
0.236695537573171 0.956938034364027 0.168061955482079
-0.0857615861195444 0.981623771889384 0.170469119807425
0.0551666337643176 0.985090887948117 -0.162949639461716
0.0814338679898816 0.992348945770421 0.0928013737642944
