0.0178064492534568 -0.282104027685406 0.959218561084311
0.0239755612365965 0.0362151273436332 0.999056373291755
0.00356858407695475 -0.232547620789853 0.972578464326999
0.142108912456199 0.0825471809487166 0.986403071729775
-0.0514426175733384 -0.566565541936337 0.822409352930515
0.0921248744169936 0.0349866883343007 0.995132623901484
0.272626402449538 -0.251943040405474 0.928547009622382
-0.00235284698480062 0.117891592814347 0.993023683733053
0.0844005987047921 -0.038306430701666 0.995695312987448
0.149113931621964 -0.177543488440855 0.972750402265911
0.103887763271072 0.0309769316173747 0.994106514589914
0.0776048072458219 0.0807463314459842 0.993708973417446
0.0522530675446663 -0.169759013722086 0.984099331466228
0.185601350761256 0.136256350599247 0.97313223434278
0.125966989200811 -0.532332333299199 0.837110867541399
0.0700610141813392 0.226880392969009 0.971399372852438
0.0697077889325388 -0.128864846728033 0.989209116132629
0.147930682231241 -0.0331365137089666 0.988442453921226
0.0851502501856762 0.0396219597182945 0.995579999398039
0.200481251246652 0.0322307399910738 0.979167221315238
