-0.125325804933384 0.981286926914133 -0.146182795448768
0.0128935273778606 0.966172619359712 -0.257573730320757
-0.0674243422542234 0.949762801957715 -0.305621625689373
-0.00583218943787798 0.961052023096813 -0.27630597979031
0.0745892020427343 0.945925787711485 -0.315691075390222
0.020949783556569 0.976100693462218 -0.216306594424466
0.0488885773641084 0.889444670884548 -0.454420603008261
-0.0167539174876136 0.962453176984725 -0.270930227846261
0.00784896940606667 0.979661307677807 -0.200504653108778
0.0256720609782565 0.988554981472055 -0.148660666929468
0.112085743047962 0.987814318134336 -0.107979901343644
-0.0602948510645491 0.995981035320336 -0.0662292096988556
0.0304119235782089 0.985428806568806 0.167347489041966
-0.0466085807383334 0.961323812106936 0.271448279563063
0.389451470364638 0.919792351329419 0.0480581175944359
0.359945395495059 0.903397532865014 0.233049801277135
0.174060153380297 0.969674730094278 0.171563343467702
0.0206331457670869 0.983134755272725 0.181714958852027
-0.0757990910854049 0.947258015529653 -0.311378788303652
0.108912135009738 0.983856240890614 0.14200367638977
