-0.0290846151474697 0.496185845284241 0.867729043020508
-0.0359613083135835 0.793885753900171 0.607002631014671
0.0590275362411986 0.563169970886139 0.824230146171201
-0.120972771792498 0.638864769633827 0.759748244226702
-0.142942689098388 0.533426104184948 0.833680981555529
0.0532087946569601 0.817980060847653 0.572780450283373
-0.00904917594466279 0.704106577579799 0.710036646817321
-0.00849839090172159 0.754521282438808 0.656220551109898
0.0715806374602472 0.682782266402325 0.727106999710008
0.108481970815117 0.951991958133548 0.286256831633974
