-0.108225644008189 0.62977656636145 0.769200030187854
0.0329675672393506 0.777877092259846 0.627551088635567
-0.0139315525568504 0.837188913600785 0.546736348514797
-0.0494525426844176 0.749430549315093 0.660233517609735
-0.0694883685306465 0.666975271347903 0.741832429898653
-0.0848368019532725 0.638514236905095 0.764919790764918
-0.0555171862361254 0.573901790539813 0.81704013172403
-0.0718867046796317 0.783672482042218 0.617000601766395
-0.0493402952652065 0.641035103832988 0.765923972021357
-0.0161473384340693 0.661354292990955 0.749899835047274
0.180960279352518 0.800321248609932 0.571611123334822
0.0163779822824356 0.668206199810579 0.7437958296677
0.232749228407742 0.57955477696295 0.780989153045691
0.125493263971156 0.622865390949002 0.772198255278923
0.0737184572272824 0.73842065500408 0.670298832855447
0.158167826485632 0.881230275501644 0.445439266571895
-0.199475435494769 0.578315063497068 0.791050717695493
0.136306197224167 0.858146157277601 0.494980598961185
0.000491814063296013 0.648892586900967 0.760879864882688
0.04754023430174 0.676029899547558 0.735339038158763
