-0.0473576145150292 0.884320637291921 0.464472030166571
0.0947730594048337 0.89158792330566 0.442819423949028
0.0566213864115297 0.876977033614689 0.477184766220817
-0.14271933303917 0.87310220658345 0.466179931824574
-0.150619974132887 0.787861290843475 0.59715007308269
-0.0386129712111003 0.822924422256336 0.566837219762716
-0.0681320092220445 0.902239682170356 0.425818723445203
0.0136520123017917 0.958474970377076 0.284849703740016
-0.0299622214255931 0.848140273385179 0.52892375816308
0.116820809036442 0.804982553250515 0.581683752169814
0.206673815846064 0.819705790484696 0.534198793418224
-0.136592347480494 0.571678189209911 0.809028169219988
0.0411943553372158 0.685052445720398 0.727328104572381
-0.106465843679695 0.787100790502902 0.607566761532655
0.253095844837549 0.767444191370175 0.589043212725642
0.120533300019736 0.753124573243804 0.646741912019539
0.0146380413313446 0.78430285417062 0.620205418136444
0.0346887151986751 0.805703864899654 0.591301932284705
-0.0106764847942683 0.507345700606237 0.861676478005988
-0.0411908811858133 0.764922840690544 0.642803515156105
-0.0862916341829763 0.320361816774933 0.943356804301901
0.0813364104881798 0.623549340874885 0.777541386566268
0.0683260789598391 0.720173962617333 0.690420893732238
0.188686573473123 0.636432709080211 0.747897575744029
-0.128137695969287 0.714285468916747 0.688023981970153
-0.0912219749689632 0.511154754660291 0.854634055061545
-0.0464293958833455 0.615093813827137 0.787085707778698
-0.0105398329922195 0.705807058262553 0.708325707868391
-0.158555023794057 0.606636330080926 0.779007488703165
-0.102363850489029 0.628342248262022 0.771172912622122
