-0.109776096030225 -0.826908890705135 0.551516903832662
0.106880846151107 -0.77406151854666 0.624023437245159
-0.218608150975239 -0.711634465555872 0.667672722042915
-0.033009875058375 -0.750817392397073 0.659684463529868
-0.054174278855617 -0.608954875042454 0.79135270750311
-0.18273528276815 -0.927710108257112 0.32551769762829
-0.0655548270121519 -0.802092078182348 0.593591494862022
0.0715963514953487 -0.697539830044232 0.712960130690643
-0.119063331934586 -0.675010944972057 0.728137450730674
-0.0806557811551995 -0.736331916773236 0.67179606526631
