0.0633319357380544 0.779382175062096 0.623339787845399
-0.0477993229222017 0.701973960789352 0.710596779546522
0.0206299996444492 0.776541629674734 0.629728116330197
-0.0228505970568466 0.721457623793185 0.692081460006578
0.105512707193407 0.801692569941028 0.588350313947455
-0.0219539029177268 0.741570744867304 0.670515366344151
-0.0368092960632065 0.729511159990389 0.682977703276474
-0.02162283340132 0.672674209534515 0.739622782844617
-0.00314294410143306 0.719303409684477 0.694688942418592
0.0437423329258613 0.696757461385167 0.715971820894021
0.0239693164114891 0.728529139795311 0.684595328891361
-0.000741335528812437 0.661252478316799 0.750163055836213
-0.0517529200040782 0.769034396312304 0.637108885952489
0.0167634758324736 0.647092659746802 0.762227049887252
0.058726652852291 0.67631414992741 0.734268582231823
0.000221297976612933 0.565790433576813 0.824549050269399
0.0917250184209284 0.725247304289806 0.682350986381679
-0.0156778857224157 0.74303593307616 0.669067863566107
-0.0344165875048838 0.738443721698573 0.67343623928957
-0.0209892971138551 0.696690790973148 0.717064426101223
-0.151551296907987 0.643218246957951 0.750534803447414
0.0036527697802045 0.692231498115305 0.721666273487942
-0.0886577629719276 0.749108079252904 0.656488298953484
0.0309915625287619 0.716089001010591 0.69732063334142
0.0556860024944425 0.741413147040635 0.668734337776587
0.0255689921808137 0.654410921413206 0.755706670986816
0.0318751490688452 0.796861162267372 0.603321028095103
-0.014317698389333 0.693280952102812 0.720525173026072
0.0171700957329481 0.657946065019105 0.752869287020262
0.0488993573135285 0.684017021402858 0.72782523127842
