-0.237596586283509 0.969770599293366 0.0556133700885804
0.275289906582498 0.958948331824296 0.0680702888579071
0.0382334897183143 0.985783073062214 0.163615198340424
-0.0191845238939997 0.993978005421669 0.107887343006126
0.226972109193079 0.96649226208454 -0.119901496984625
-0.0256948448912139 0.943145683518294 0.331384964364448
0.239549970888953 0.955318047352721 0.173156691609901
-0.0841000644592402 0.979405398071844 0.183554475253764
0.0477500498107565 0.986715702183563 -0.155280571249172
0.10806493904519 0.991784335886779 0.0684529038009298
