0.0731736995745785 0.796543757257593 0.600136361558376
-0.0543055886137164 0.705887654610227 0.706238997871252
0.0352323179965867 0.786820986810638 0.616174827855634
-0.0639810188331172 0.709094564027484 0.702204620104246
0.092684151357786 0.836132618438682 0.540640261606515
-0.0708085692620005 0.788015958913335 0.611569288811142
-0.0750882264854773 0.804093542220353 0.589741751619123
-0.0268101773144225 0.670344025508195 0.74156597943665
-0.0664907635685578 0.744622924595646 0.664165399977067
0.0355053076549019 0.705899448431722 0.707421615327184
0.0124775055003913 0.716393061425411 0.697585330549615
0.0263552217299223 0.695145898516164 0.718385399394866
-0.0953161331881845 0.770790855693769 0.629917686315379
0.0696604768354609 0.542541473850048 0.837135692178797
0.0801152345136057 0.709559185016329 0.700076647344984
0.100834401125795 0.333514554956911 0.937336900576039
0.150389851769438 0.790751290365356 0.593376178549738
-0.0641013569780928 0.781111727200376 0.621092171632852
0.0192008435472012 0.742169376207833 0.669937269172533
-0.0330095697255671 0.711831738426742 0.701573905212341
-0.115717922969679 0.629794312640056 0.768094060691673
0.00372890973337971 0.664656066142811 0.747140153499839
-0.157250668795801 0.731074010112791 0.663929980420282
0.0666078621730151 0.694699685106557 0.716209285202022
0.100292694461562 0.769375443377563 0.630874633001849
0.0306069404832645 0.59258126841586 0.804928975448706
0.0457169026269095 0.82305820117191 0.56611408947125
0.035742213034094 0.602826079553369 0.797071647982627
0.0667946447390885 0.67015575854791 0.739208857305737
0.00463600291153776 0.706441320671899 0.707756432626612
