-0.0982391966277521 0.658403947699765 0.746226039413862
0.0740144428333149 0.76652689003008 0.637932903300095
-0.0317551579169397 0.824568264587494 0.564870593128053
-0.0367265017346019 0.733538499235686 0.678654871204352
-0.097692325544301 0.639876757250596 0.762242707449673
-0.183798317658537 0.659805262513114 0.728611826685438
-0.0475344178366532 0.569680703837335 0.820490325839573
-0.0559783158016026 0.788691722772615 0.612235081149374
-0.0225634044249614 0.596332262779648 0.80242054133033
-0.000573193296075703 0.670694065852742 0.741733875105731
0.180096191983565 0.779360251015117 0.600135785277526
0.0161109875482848 0.655557498860061 0.754973378185324
0.259738557060364 0.581507661656508 0.770963501996677
0.142665548684709 0.646635380937388 0.749339192447886
0.100801388025136 0.75417417514748 0.64889166562133
-0.00510044587637962 0.859715431146539 0.510747846691871
-0.198218171138269 0.582540645184189 0.788261348373107
0.125252616266045 0.85582563301584 0.501870768217824
-0.0126997922830552 0.639631235447581 0.768576995437522
0.0464418834180065 0.698722161676259 0.713884088803669
