0.0124775055003913 0.962323148276037 -0.271621925014504
0.0263552217299223 0.969712954841866 -0.242821307754124
-0.0953161331881845 0.93092014648912 -0.352565618877859
0.0696604768354609 0.996251512766533 -0.0512868528713931
0.0801152345136057 0.96106375370516 -0.264457956040231
0.100834401125795 0.978514845281874 0.179836373163474
0.150389851769438 0.909254489807282 -0.388122616256855
-0.0641013569780928 0.928437462325883 -0.36591651313304
0.0192008435472012 0.951267382149304 -0.307768899120567
-0.0330095697255671 0.963496693759514 -0.265677416091428
-0.199888245620661 0.974911875895639 0.097936323702392
0.309161304078318 0.947836839191069 0.0776183891412187
0.0295965458392183 0.986284139233189 0.162381160149307
-0.0631540142530099 0.993483154048234 0.0948830496248051
0.266906611946644 0.959030256474965 -0.0949833020310742
-0.145771698311003 0.822431839765583 0.549869512622153
0.23199276664189 0.958064394995377 0.168202173790896
-0.0874622609419718 0.987491899293377 0.13118727735904
0.0504948508596253 0.985926518597647 -0.159371170424854
0.122467175848307 0.987529969422479 0.0989259841102338
