0.00107772840632275 0.547662877466286 0.836698399153978
-0.00575994925107234 0.768544399406747 0.639770528490605
0.0819332009675157 0.585624519566988 0.806430947236743
-0.082253350751352 0.625172235193122 0.776140491556658
-0.0143974590422939 0.569363496433541 0.82195980564873
0.0773364209256792 0.834721565594477 0.545214623730794
-0.0407811006036195 0.731753997954996 0.680347696630508
-0.0155582292620743 0.77852060882201 0.627426173459185
0.108793485191629 0.679628797557584 0.725443778049196
0.128186426013361 0.920553517695187 0.36898436449928
