-0.112559374883763 0.820545771203553 0.560388280110981
0.159171519521672 0.77107019163946 0.616534822161934
0.0111078177921176 0.735757157359561 0.677154355947059
0.0358932426043965 0.615723787548446 0.787144137107263
0.0307938970482974 0.433015779850391 0.900860183549665
0.203742178708595 0.606301457491088 0.768692179782816
0.00541874915575666 0.51397713154736 0.85778677152538
0.238302880576399 0.825768131347617 0.511193437320605
-0.179188090272304 0.61081806066602 0.771228192604995
-0.197642075244515 0.556976582546057 0.806668889066857
-0.338944465899477 0.63157122360829 0.697305125856713
0.0935667570928699 0.779943931973957 0.618815582337846
0.100142350709219 0.916080237094373 0.388289207678438
-0.00450626708542679 0.755985137244812 0.654573270017878
-0.141236130219332 0.525935249532144 0.838715964328944
-0.000551733761534277 0.720419021656409 0.693538844496456
-0.0996249290867606 0.561342021342526 0.821565583857762
-0.0472379233016399 0.792606798350669 0.607900519666212
-0.0180270205569021 0.782372528038885 0.622549800337198
-0.136280793106565 0.709602053011918 0.691297672346375
0.0186080375506833 0.684298315375274 0.728964715547381
-0.0125693819622698 0.744282358483657 0.667746794441645
0.0179669808818411 0.833677905361805 0.551958637679984
0.0823512937765661 0.705022249702616 0.704387600570586
0.0117773524372117 0.679310199158655 0.733756735770513
-0.129831183670191 0.746547691566521 0.652541499035498
-0.0771826481202984 0.606994884762612 0.790948828117952
-0.0826343912808444 0.755070084627019 0.650415809062933
-0.00539062009819491 0.826344776346559 0.563138750060509
-0.0580691166306762 0.667568802946558 0.742280183641078
