0.0869876397232799 0.872989363584862 0.479919494918752
0.0178050622736954 0.904977311074583 0.425087104247644
0.242827259873752 0.861467482523772 0.445991814292998
0.0703952027543275 0.988502629201207 0.133817291451733
-0.103409844748687 0.846092892966525 0.522908424564558
0.0989615020293987 0.950497959828312 0.294550928496758
-0.107885474737503 0.691918927416744 0.713868981132481
0.303544829343433 0.918732031533799 0.252570763970504
0.0291891517698588 0.995017844873165 0.0953282843804361
0.213876154114331 0.789340249487427 0.575498880312021
0.144149738175606 0.770112413531276 0.621407856008385
0.393827961943649 0.834379794355597 0.38562921979853
-0.30221794223343 0.599995220621736 0.74072265432027
-0.096252210750955 0.973940635390372 0.205365894590491
0.0623886232626954 0.832724673707632 0.550161137745936
-0.105855109408949 0.86242704196807 0.494989184825512
-0.612852666708083 0.356030425169586 0.705445919445534
0.183371575777503 0.500623968098746 0.846020394412535
-0.108337035859719 0.846971110062964 0.52048345351206
-0.513774656945056 -0.447165378132263 0.73217397282396
0.201545150903898 0.84372023308989 0.49750951792088
-0.062768311702426 0.917659260212821 0.392379435230346
0.309256185157218 0.703554990094124 0.639821059246773
-0.0962382706044767 0.446389359560948 0.889648658146477
0.142144032934936 0.222355994282731 0.964548021462659
0.250813294087916 0.784149718329651 0.567628320956854
-0.349168484502656 -0.0543386756820235 0.935483125318273
-0.104910027994645 0.622024848306797 0.775937480803105
-0.508775227921401 0.757521198661611 0.409034718614206
-0.253619676715288 0.834801322741292 0.488655104477814
