-0.0399585668557842 0.855187380416808 0.516776409398368
0.0907655013786565 0.874365802653852 0.476703332177327
0.0562313254079905 0.857952361819219 0.510642519666826
-0.122305084633811 0.888961898478718 0.441348172450991
-0.110006145895855 0.782535732160244 0.612810309767689
0.00876933693432975 0.78340435394248 0.621450494370789
-0.108656801591354 0.903414891077152 0.414771303308215
0.0599171726907877 0.961390341311189 0.268586194824489
0.0247593062024737 0.844956958959073 0.534260904673931
0.152545328950873 0.742367608954464 0.652395781554803
