-0.0165029880154767 -0.936078028715797 0.351405144444569
0.0761853585973015 -0.80254073910851 0.59171289761722
-0.0115225924098182 -0.72895727449535 0.684462213584116
0.12864361856218 -0.777706821601953 0.615323426367805
-0.084056179709137 -0.691519117443892 0.717450952234594
-0.0661749338262872 -0.81444698034393 0.576452074626973
-0.0424681178950803 -0.778721081912271 0.625931254650086
0.0133318673738855 -0.730935280075284 0.682316552381365
-0.153197540550191 -0.738658798598319 0.656440166978424
-0.0865525908735941 -0.760717365881758 0.643286668802477
-0.102379140096521 -0.834253412040274 0.541793093507344
0.0968879442176206 -0.791838082651518 0.60299683011443
-0.186409789254997 -0.719767720599915 0.668719536765834
-0.0247957190060355 -0.763026745133327 0.645891135200209
-0.0404285659620838 -0.60511149073491 0.795113586121394
-0.172790710759711 -0.88410429738183 0.434169277616617
-0.0691745535881674 -0.812353947094398 0.579047446912625
0.0688727717542383 -0.69624009482805 0.714497215995078
-0.0967273032503221 -0.705295653871881 0.702283325613926
-0.0810895559179762 -0.715971679901207 0.693403949729498
