-0.0183908763645089 0.818812009165896 0.573767086292212
0.0802509967261634 0.883199973784571 0.462079629318789
0.0649006917746755 0.826805081284313 0.558731829923451
-0.0933960724075115 0.884588616384045 0.456924669308423
-0.0657780946736204 0.748074733915341 0.660346450538352
0.0089510304659592 0.769534149317456 0.638542928931059
-0.119476938510382 0.901470710960182 0.416023819564614
0.047757194098651 0.962425677255642 0.267312674916178
0.0565643466220585 0.833902265887389 0.54900590674336
0.158288680385522 0.734134462322879 0.660296361410319
