-0.0473576145150292 0.884320637291921 0.464472030166571
0.0947730594048337 0.89158792330566 0.442819423949028
0.0566213864115297 0.876977033614689 0.477184766220817
-0.14271933303917 0.87310220658345 0.466179931824574
-0.150619974132887 0.787861290843475 0.59715007308269
-0.0386129712111003 0.822924422256336 0.566837219762716
-0.0681320092220445 0.902239682170356 0.425818723445203
0.0136520123017917 0.958474970377076 0.284849703740016
-0.0299622214255931 0.848140273385179 0.52892375816308
0.116820809036442 0.804982553250515 0.581683752169814
