0.0148632785499613 0.705604802686578 0.708449677377569
0.0302348960974561 0.694119962273377 0.719224115996941
-0.00331247598641906 0.780358454721274 0.625323683901277
0.0518874085257263 0.566794217848599 0.822223820775024
0.0692202594754147 0.67586659973546 0.733766240052091
0.153220748854884 0.413323908755216 0.897600550674775
0.138687480183777 0.790192823388336 0.596959868589041
-0.0495741163325989 0.765622679779688 0.641376893251395
0.00710820217997278 0.74236196778927 0.669961328915193
-0.0318666873624943 0.710565033951541 0.702909558024349
-0.157114834525978 0.912234784189186 0.378341944921765
0.184043852506613 0.892019325766269 0.412830937326668
-0.0757007467116155 0.784940670388986 0.614928890943167
0.00478692683576439 0.962515615835437 0.27118402350507
0.0854381919770608 0.976816866032649 -0.196288373537111
-0.223679756263848 0.890562945264034 0.396061872894115
-0.308075542798619 0.568508283127243 0.762815699854854
0.169558704419003 0.863169799848041 0.475591991507472
-0.0493300257219085 0.884590554476041 0.463752196214796
-0.174405443610854 0.471330802462607 0.8645403494857
