0.0246419331726504 0.952517470849303 -0.303485160850348
-0.0044403036995639 0.979184381954194 -0.202924197275828
-0.0413290115845521 0.934085761464881 -0.354648703691438
0.0209683684275053 0.974728739705645 -0.222405511436507
0.0570060141971157 0.974443507813815 -0.217279001343586
-0.0831583555482124 0.984386737445255 -0.155136839739647
0.0560154679312119 0.961795358853089 -0.267977527119542
-0.012778274433959 0.959401552731511 -0.281754106125992
-0.00838032724462633 0.952048101094019 -0.30583358762331
-0.00754497533263233 0.974871800768134 -0.222638822792266
-0.21399952146983 0.974251517217086 0.07098018040897
0.239465591151756 0.961586530946965 0.134192302892983
0.0809622227601051 0.986999193822027 0.138844192822068
-0.0267309055314275 0.994021801440311 0.105858948373899
0.232679698495471 0.967698264551967 -0.0970578522901061
0.0234963560452019 0.957264489204755 0.288257903551935
0.240279638868651 0.956665570297748 0.164489153903941
-0.090251297411763 0.985327555292982 0.14485962893729
0.0369359080240493 0.986327554143219 -0.160604155102832
0.0885604493388874 0.991576112728581 0.0945190958429562
