-0.100720603453251 0.757460481477754 0.645065096745671
0.083150000203063 0.750727607507695 0.655358021841499
-0.0389216832477152 0.757438115981703 0.651745811671432
-0.0252445537157839 0.766585716324825 0.641645581325427
0.0816588089910312 0.51086207480031 0.855775542677453
0.127766885915679 0.63876081701741 0.758722769861733
0.0630135433713676 0.460087013492824 0.885634932332187
0.218333100481509 0.795465420629108 0.565301177972847
-0.0218070171716024 0.596255033467309 0.802498840539334
-0.0688803976352407 0.604183257427438 0.793862760347141
-0.0792333579715421 0.510199876173506 0.856398366028971
-0.0306629132654428 0.816215240722487 0.576933676051597
0.0110162752052392 0.491106000633387 0.87103015896264
-0.188381329345818 0.728052225089782 0.659130057193359
0.0420221771655962 0.533884444168446 0.844512603163039
-0.0736513580423561 0.764446061618081 0.640466780040247
-0.0518345844932727 0.78972939812786 0.6112615263396
-0.0564062730087193 0.708647835102318 0.703304043902823
0.0863913274046692 0.696598340584665 0.712241033951254
0.0649641189375154 0.964576029446823 0.255680947016539
