0.107231410807568 0.0153401834004902 0.994115739393285
0.129801356710899 0.0608627334939749 0.989670316553776
0.048674393127107 -0.183651637614828 0.981785556756209
0.17872414313374 0.083492873986614 0.980350254069721
0.105170932060424 -0.513116852880533 0.851851025907417
0.0647856290920275 0.203308098583853 0.976969108679168
0.0610463792124284 -0.132346729191438 0.989321829768949
0.154462817378307 -0.0288367142370297 0.987577684012538
0.0863974057163283 0.0448982430543298 0.9952485297935
0.194861533225174 0.045148513091839 0.97979109744615
