0.184861003318119 0.789586741196329 0.585131769415385
0.0295676378152485 0.67529426520054 0.736955500814866
0.250074431308765 0.584904085082305 0.77158926253521
0.150402270256182 0.631752048730766 0.760439679413342
0.0777715218280697 0.738596484486375 0.669646790104241
-0.0278274911812585 0.860965609349827 0.507901417847438
-0.19863026057904 0.58026161526183 0.789836994218449
0.149103462095283 0.853854809128445 0.498698428430877
-0.0139854847759603 0.642017498743853 0.766562415933802
0.0427070418430061 0.692123522564915 0.720514495405438
