-0.239548749759229 0.906433982832317 0.347841675558772
0.0956229640087449 0.799829178167555 0.592561840237789
0.0443358424504389 0.820747298361999 0.569568437771695
-0.0608750983348512 0.982710028130138 0.17485772220633
0.0256307199833802 0.954837560270999 -0.296020775772344
-0.314300175565322 0.868524408232218 0.383250247155149
-0.298798650492262 0.672600165395621 0.676999545032186
0.0782564134346725 0.953452733026596 0.291210953846962
-0.112349792374754 0.940117991238945 0.321800694067308
-0.3014936468342 0.61882036183268 0.725370898713124
