0.0278446188094943 -0.726557558712782 0.686541179450057
-0.0482565779064649 -0.330569247899156 0.942547226950535
0.105499423883419 -0.468113311011018 0.877348163282154
0.106247024930932 -0.157141144026291 0.981844300562688
-0.098908641840176 -0.509645884438902 0.8546801466302
0.0898943548139031 -0.184843748779978 0.978647941554856
0.111704621950758 -0.651287724614102 0.750564039374272
0.205820608472415 -0.0641419400805706 0.976485375543713
0.0186181480527448 -0.160405882614319 0.986875532874236
0.177840753656692 -0.498391138337579 0.848515727353001
0.0582399000518836 0.077788766245886 0.995267311775027
0.0885462322926257 0.0502627019732244 0.99480310893017
0.0584340392567151 -0.138209155703377 0.988677749489642
0.202716326393553 0.124943415997743 0.971233871841544
0.0866863580057019 -0.576913645109609 0.812192170254092
0.100549453670927 0.197941688856255 0.975043022219641
0.0715080140313126 -0.182656629571373 0.980572873173088
0.150697356351155 -0.0482675845088062 0.987400904939052
0.0777440495891793 0.0432344581489456 0.996035463415858
0.158311857430524 0.0759358091906562 0.984464884431871
