-0.0156916251260519 0.723264514493559 0.690392797598078
0.0210634411508208 0.727556008409227 0.685724861788253
-0.119593409451771 0.637053299411823 0.761485725489461
-0.0449425729683026 0.74615247893513 0.664256458993023
-0.0456653764687372 0.645639514301361 0.762275731585803
0.0900866485410544 0.629581015342083 0.771694331244873
0.0289791946169041 0.584512266134291 0.810867200605568
0.0857221715408742 0.790375890817328 0.606595137238202
-0.0830274610723246 0.630836611767006 0.771460698909677
-0.00976897852413231 0.718000262019479 0.695974274523531
-0.0183298767126357 0.501385442929556 0.865029856847746
-0.0188030996424357 0.784150654845802 0.62028557451285
0.0616308463444817 0.575510713158102 0.815468612405846
-0.112472816169683 0.623060816189556 0.774044627235449
-0.0968067276533911 0.547254639252205 0.831348794007654
0.0609786553205911 0.82531081120968 0.561376583494283
-0.0157684578040653 0.711184734008352 0.702828307520372
-0.0110158564009421 0.76651916241554 0.642126953613951
0.0983064304483876 0.687640901307768 0.719364884172933
0.109238608101196 0.949203316224494 0.295093190312036
