-0.239914142208955 0.922920461646807 0.301096373013335
0.0157645268266752 0.862327237148329 0.506105933344058
0.0411569463764859 0.842082162854692 0.537776660675161
-0.0587536004685933 0.985553435483676 0.158847222948025
0.0113782475722282 0.933655128535459 -0.357992508918301
-0.325761286943804 0.850043515038975 0.41389081467085
-0.281297270144345 0.764546017899281 0.579949335997285
-0.0349699348930075 0.993055522251018 0.112329129705241
-0.194965011273742 0.9578520251695 0.21096952921623
-0.329743978699653 0.748815224820648 0.574930141485142
