-0.151551296907987 0.643218246957951 0.750534803447414
0.0036527697802045 0.692231498115305 0.721666273487942
-0.0886577629719276 0.749108079252904 0.656488298953484
0.0309915625287619 0.716089001010591 0.69732063334142
0.0556860024944425 0.741413147040635 0.668734337776587
0.0255689921808137 0.654410921413206 0.755706670986816
0.0318751490688452 0.796861162267372 0.603321028095103
-0.014317698389333 0.693280952102812 0.720525173026072
0.0171700957329481 0.657946065019105 0.752869287020262
0.0488993573135285 0.684017021402858 0.72782523127842
0.11360855633384 0.975497839376007 0.188406638153977
-0.0823733102481504 0.983639090044067 0.160214788006733
-0.101723917255889 0.868044106766221 0.485954394327853
0.0664204270127879 0.760360881045244 0.64609570301275
0.237558685073299 0.948819713544692 0.208103393377459
-0.156760220762747 0.91063537579563 0.382321128811849
-0.0148634573270136 0.939530394419228 0.342142829237642
0.00604428852785629 0.928191114019071 0.372054730425818
-0.350045457610749 0.927206874498164 0.133250101273612
0.0152710178574539 0.955429635999937 0.294823687424579
