0.254026049594214 0.794638852284957 0.551379960251372
-0.158222636237829 0.514628009492622 0.84268832270752
0.0555790859541695 0.724911376181409 0.686596287411515
-0.130048356282817 0.794613097628732 0.593023987798983
0.282919754702359 0.750567846142465 0.597163562800191
0.133332193486531 0.779442611349267 0.612120692178517
0.00439417084584058 0.821563118586528 0.570100634485664
0.059930807459467 0.803632513852391 0.592100566624068
0.0194870745448174 0.48462682798675 0.874503911667172
-0.0600716705095034 0.789420317480488 0.610906667790754
