0.0124419763850403 0.716413643443147 0.697564827605398
0.0473143620768872 0.726691689689306 0.685332429757821
-0.10965828278712 0.628470456918717 0.770064897133065
-0.0308746371396142 0.745605764017424 0.665671691936416
-0.018103913906592 0.640821890757283 0.767476092544598
0.097476741893886 0.646793837362454 0.756409952829617
0.0466666089190083 0.54786713400026 0.835262731776261
0.106053331533122 0.789935815966921 0.603948754054017
-0.0705308056106267 0.617948236811658 0.783048773756321
-0.025586872133482 0.738301660856527 0.673985140452605
-0.0290846151474697 0.496185845284241 0.867729043020508
-0.0359613083135835 0.793885753900171 0.607002631014671
0.0590275362411986 0.563169970886139 0.824230146171201
-0.120972771792498 0.638864769633827 0.759748244226702
-0.142942689098388 0.533426104184948 0.833680981555529
0.0532087946569601 0.817980060847653 0.572780450283373
-0.00904917594466279 0.704106577579799 0.710036646817321
-0.00849839090172159 0.754521282438808 0.656220551109898
0.0715806374602472 0.682782266402325 0.727106999710008
0.108481970815117 0.951991958133548 0.286256831633974
