-0.167072452297287 0.643287605305993 0.747173241318941
0.0561219577968561 0.781193592471386 0.621761125300302
-0.0761320101137575 0.829866367204886 0.552743819158753
-0.0144242954489234 0.779398988768445 0.62636184111704
-0.112107106701184 0.622958284130993 0.774180194050234
-0.137861826906507 0.684051913881384 0.716287020542196
-0.0374831616099972 0.566047159614168 0.823520264285252
-0.0604432073627538 0.804534473347441 0.590822223582745
0.00578908536534152 0.622415907038549 0.78266527018644
-0.0161747050288801 0.681456750668656 0.731679626534281
0.184108214248901 0.776172257875841 0.603042943371366
0.0161109875482848 0.655557498860061 0.754973378185324
0.251362801142642 0.604103578536336 0.756224575507381
0.150710748454141 0.654836488359049 0.740591279866285
0.084483377767853 0.754297625402459 0.651074228635373
-0.0668300456734921 0.828348233985458 0.556213042141635
-0.199970371762237 0.593334098370342 0.779722064666844
0.122814535426667 0.861970576979701 0.491857005957234
-0.0434335471191999 0.659478722174312 0.750467415671048
0.0916743046641259 0.693100763613254 0.714987519711409
