0.135187753839592 0.810865972127898 0.569403763999576
-0.132189268510053 0.729930335927066 0.670617403579849
0.0624849312454274 0.665258406482532 0.743993874955685
-0.028617863592491 0.798815813873154 0.600894594242261
0.199880672740466 0.776467029510652 0.597617493676116
0.124666139160179 0.751006438798002 0.648419372498106
0.102231255275981 0.705338699808242 0.70145996963299
0.0221978941797476 0.751524148421011 0.659332016387843
-0.0883702196582772 0.5459621951526 0.83313623480299
-0.0731415190318999 0.717166638031614 0.693052906702035
