0.086352554985133 -0.736021116116485 0.67142844211292
0.00822656964202331 -0.711296343461589 0.70284410457092
-0.042132868008032 -0.566829454616051 0.822757066705044
-0.0303887441441908 -0.715269285955332 0.698187920833846
0.0238313510839275 -0.729599139589617 0.683459700505893
-0.0475715575560099 -0.238202183818269 0.970049826831541
-0.0337832693742804 -0.759678190651312 0.64942107862244
0.00079421868219311 -0.70025702371762 0.713890376704173
0.0174629440559864 -0.574083755764832 0.818610338898699
0.00216934088370268 -0.73908956953094 0.673603668465887
-0.0708295604100418 -0.935710834987564 0.345584152789152
0.0853059801614405 -0.800634754450652 0.593048800449373
0.0324604413061956 -0.712438853885551 0.700983023492331
0.158828049384078 -0.759221898579244 0.631154307159966
-0.111568963787139 -0.685300753080592 0.719663285256819
-0.0962437956231772 -0.843237930451146 0.52885435088738
-0.0455325353861107 -0.791118741775524 0.609965511019127
0.0380631761502323 -0.730271329957245 0.682096019093963
-0.142643546656939 -0.764774422909778 0.628309557988851
-0.0953922997049141 -0.771677740332094 0.62881934944224
