0.0323124995325162 -0.663508011084166 0.747471084123724
-0.0793994477357498 -0.72062216066603 0.688766599986005
0.0162786565287747 -0.644986170685811 0.764020840661871
-0.0249216421356872 -0.689847251132359 0.723525868133538
0.0643968270332502 -0.614819243126597 0.786034571090412
-0.0124316789287923 -0.673721321568825 0.738880933725162
-0.0282732474488663 -0.731950676647474 0.680770762029334
-0.0414595397496506 -0.732246305919063 0.679776767793393
-0.0131266462410866 -0.691365914104756 0.722385536934785
0.032372031689125 -0.705283672615008 0.708185704958102
0.0178064492534568 -0.282104027685406 0.959218561084311
0.0239755612365965 0.0362151273436332 0.999056373291755
0.00356858407695475 -0.232547620789853 0.972578464326999
0.142108912456199 0.0825471809487166 0.986403071729775
-0.0514426175733384 -0.566565541936337 0.822409352930515
0.0921248744169936 0.0349866883343007 0.995132623901484
0.272626402449538 -0.251943040405474 0.928547009622382
-0.00235284698480062 0.117891592814347 0.993023683733053
0.0844005987047921 -0.038306430701666 0.995695312987448
0.149113931621964 -0.177543488440855 0.972750402265911
