-0.0795677553323846 0.628798759366608 0.77348632342814
0.0246962230906316 0.801170095548477 0.597926897341056
0.0280681434925954 0.811452660458772 0.583743744424949
-0.0522914922661971 0.773746123407736 0.631333934101498
-0.0402684021943663 0.674330940548452 0.737330481130241
-0.0695485996682054 0.666626216724103 0.742140471514861
-0.0364675774015531 0.578428855932523 0.81491728072428
-0.0557284278682851 0.767698011545458 0.638383979589463
-0.0533343414823157 0.63845398957747 0.767809840527757
-0.01760905594708 0.674826202037801 0.737766574325436
0.135187753839592 0.810865972127898 0.569403763999576
-0.132189268510053 0.729930335927066 0.670617403579849
0.0624849312454274 0.665258406482532 0.743993874955685
-0.028617863592491 0.798815813873154 0.600894594242261
0.199880672740466 0.776467029510652 0.597617493676116
0.124666139160179 0.751006438798002 0.648419372498106
0.102231255275981 0.705338699808242 0.70145996963299
0.0221978941797476 0.751524148421011 0.659332016387843
-0.0883702196582772 0.5459621951526 0.83313623480299
-0.0731415190318999 0.717166638031614 0.693052906702035
