0.0186080375506833 -0.728964715547381 0.684298315375274
-0.0125693819622698 -0.667746794441645 0.744282358483657
0.0179669808818411 -0.551958637679984 0.833677905361805
0.0823512937765661 -0.704387600570586 0.705022249702616
0.0117773524372117 -0.733756735770513 0.679310199158655
-0.129831183670191 -0.652541499035498 0.746547691566521
-0.0771826481202984 -0.790948828117952 0.606994884762612
-0.0826343912808444 -0.650415809062933 0.755070084627019
-0.00539062009819491 -0.563138750060509 0.826344776346559
-0.0580691166306762 -0.742280183641078 0.667568802946558
0.0321391685918849 -0.951921910339384 0.304650210008199
0.0546791092541322 -0.744938242816374 0.664888869963114
0.349735792460956 -0.450859036756951 0.821225306749799
0.287879765834803 -0.863048248969917 0.415057779559496
-0.240080892894566 -0.661200637222339 0.710756556215784
0.0168130812388753 -0.920969113808778 0.389272670129215
-0.150767789070087 -0.752276271220921 0.641365329228876
-0.0345008023060151 -0.622971664205259 0.781483205345816
-0.1942994296512 -0.854337899422743 0.482031622663029
-0.20983937500942 -0.801829318517384 0.559497257063521
