0.14297241772873 0.802719295630683 0.578965128648507
-0.139625451662394 0.608577023176736 0.78111378179457
0.0717245210647954 0.68589317140254 0.724158926273364
-0.0780836461764478 0.79646587382443 0.599620760175028
0.247412327392466 0.761137562494719 0.599547121762619
0.125042571212223 0.763686129682348 0.63336233761997
0.0810103017021814 0.734781021898217 0.673449464233459
0.0196206378389781 0.781956064565392 0.623024673396003
-0.0577633885168812 0.543793756436043 0.837228607614567
-0.0581073104774215 0.74052197574386 0.669515305209291
0.180960279352518 0.800321248609932 0.571611123334822
0.0163779822824356 0.668206199810579 0.7437958296677
0.232749228407742 0.57955477696295 0.780989153045691
0.125493263971156 0.622865390949002 0.772198255278923
0.0737184572272824 0.73842065500408 0.670298832855447
0.158167826485632 0.881230275501644 0.445439266571895
-0.199475435494769 0.578315063497068 0.791050717695493
0.136306197224167 0.858146157277601 0.494980598961185
0.000491814063296013 0.648892586900967 0.760879864882688
0.04754023430174 0.676029899547558 0.735339038158763
