-0.0425290726201604 -0.938437291364121 0.342821714830378
0.082281175706175 -0.80495845997992 0.587598235047693
0.0229152865052088 -0.722763314484064 0.690715629532439
0.157766187575796 -0.764813258665788 0.624636301720303
-0.0993691069667923 -0.683049039444012 0.723581225775817
-0.0787305026545373 -0.853487209841997 0.515132109839686
-0.0468977594290659 -0.798750735796818 0.599831528201524
0.0300776570827636 -0.73397265516565 0.678512694069534
-0.138198950294595 -0.753858384061061 0.642338374159849
-0.0888037973541992 -0.766200251415353 0.636436218569092
-0.105984683301599 -0.83234822513391 0.544025439682639
0.101344822084118 -0.784626476501308 0.611629397110604
-0.207534473660563 -0.7145102457055 0.668135129314646
-0.0388344948079287 -0.760345256533942 0.648357133746014
-0.0487780267740552 -0.608821444802752 0.791806259417238
-0.170540679010559 -0.87742065382531 0.448384737745814
-0.0661439925685448 -0.810729001517427 0.581672982306767
0.0631736057713513 -0.690496058405002 0.720572195453725
-0.107642781488914 -0.681741051690998 0.723631238983353
-0.0814600609646297 -0.726461463783516 0.682362074052442
