0.00578000785471732 0.309108461272218 0.951009227441628
-0.0833065107139688 0.244850395609604 0.965975314923981
0.0133220607318443 0.347718900170158 0.937504180877244
-0.0260931193993874 0.290089288963612 0.956643796587108
0.0609168851292207 0.353940346572294 0.933282038922018
-0.00443390215097502 0.302230452287523 0.953224577013096
-0.00615527689379649 0.240491957358217 0.970631614471924
-0.0377580431675447 0.224085366936451 0.973837809135132
-0.00924973472199662 0.2753626420437 0.961295926223703
0.0443489758218051 0.26601223821265 0.962948938139844
0.110818174772979 0.0158584541029761 0.993714164925432
0.0853816568933752 0.0739827981330819 0.993597764815593
0.0503044877766453 -0.169570612871948 0.984233339081623
0.183086317629508 0.12148230313648 0.975562120175606
0.120357182302774 -0.518572469601756 0.846520373316126
0.06196400294999 0.222183571516326 0.97303387550828
0.0632424321968448 -0.134245280983436 0.988928005116402
0.150270666460052 -0.0287834239565281 0.988225804817396
0.0863063144220284 0.0442674955783966 0.995284687376483
0.192726417814131 0.04669884220573 0.98014067664452
