0.0471104533302751 -0.735447440186112 0.675942059581079
0.00958420610037142 -0.705023368837266 0.709119307582848
-0.0234296738128587 -0.569180315987611 0.821878834304222
-0.0431143055463745 -0.706430024468751 0.706468525262331
0.0188872023820691 -0.72381736105948 0.689733065334024
-0.044246530497988 -0.238671348289034 0.970091867837673
-0.0252700273859639 -0.73436721392182 0.678281815201186
-0.0144143733098283 -0.704635765406489 0.709422768137657
0.00407745607853225 -0.590787266141738 0.806817067566557
0.00670561541033715 -0.750908835873603 0.660371830811187
-0.026227221426898 -0.938359280248165 0.344665046136638
0.0775987694362667 -0.805239462692131 0.587850183894898
0.0054971232050946 -0.725387619097873 0.688318664352484
0.143992939243794 -0.771030203216501 0.620305133926727
-0.0896665534620507 -0.682681451130818 0.725193729614478
-0.0817636385994602 -0.828990034595078 0.55325421819
-0.0536430740306986 -0.786390872599365 0.615395658175247
0.0241407199412037 -0.731732304063815 0.681164488820564
-0.146671009950376 -0.740487875765054 0.655869896157077
-0.0873952900538163 -0.766031820274645 0.636833819456162
