0.0882143185640578 0.148810811029544 0.98492313229054
0.0736181609406579 0.0854277017494806 0.993620890558123
0.0492513115723019 -0.146305768382595 0.98801261654211
0.193413501223484 0.153129101587941 0.969093749743204
0.128249140222412 -0.573054466173998 0.809420000265774
0.0711285863975113 0.219908421716804 0.972923948854748
0.0683935914999073 -0.123521268323502 0.989982228584684
0.161598599571407 -0.04672059884699 0.985750007993882
0.0816851344659274 0.0455523053697845 0.995616656290352
0.194851695141808 0.0603120655906042 0.978976645096582
