-0.0079069525674809 0.527777865010738 0.849345633594359
-0.0152865222328222 0.784252715327342 0.620253174711518
0.0659342336777893 0.580016641940159 0.811931876392215
-0.113463007463462 0.612622756139537 0.782188918738526
-0.0709300011352671 0.545247238065303 0.835269049062103
0.0516726284753361 0.815986678624773 0.575756615049589
-0.0301512068449812 0.728332161029205 0.684560565572046
-0.0134137939283186 0.767501079945311 0.640907296272425
0.108406673559167 0.686550500636362 0.718955077319714
0.117911038183567 0.947582638645541 0.29695812838181
0.152263911725819 0.795318318579964 0.586757593318647
-0.00336913397018597 0.667150582422112 0.744915263174361
0.201668441898588 0.60161047381628 0.772913111117121
0.127718942965609 0.624245101813383 0.77071779820486
0.0715278471919702 0.731674081023252 0.677891441334718
0.128468020209592 0.876270275402436 0.464377402798163
-0.212549909871936 0.562004507986877 0.799358160536227
0.125745944138283 0.862494712265088 0.49019468463819
0.00961056984897087 0.66042741274747 0.75082838880723
0.0546838373059887 0.678019160816127 0.7330072956688
-0.0425290726201604 0.342821714830378 0.938437291364121
0.082281175706175 0.587598235047693 0.80495845997992
0.0229152865052088 0.690715629532439 0.722763314484064
0.157766187575796 0.624636301720303 0.764813258665788
-0.0993691069667923 0.723581225775817 0.683049039444012
-0.0787305026545373 0.515132109839686 0.853487209841997
-0.0468977594290659 0.599831528201524 0.798750735796818
0.0300776570827636 0.678512694069534 0.73397265516565
-0.138198950294595 0.642338374159849 0.753858384061061
-0.0888037973541992 0.636436218569092 0.766200251415353
