-0.212446249652488 0.973284268457228 0.087088023185002
0.243533499041682 0.956687272184926 0.159502031597971
0.0932035593953033 0.987601531836939 0.126318291745009
-0.0309700567387793 0.99458424763137 0.0992120453833009
0.219084718019349 0.970035232223254 -0.105040632975811
0.0441906462778134 0.963493918257036 0.264058054721405
0.245999337803789 0.955825022288397 0.160881486092972
-0.0834447078597959 0.984516842453199 0.154154363078626
0.0324421670110552 0.991479593179868 -0.126157528937083
0.0792407947156406 0.99266139311885 0.0913468941134681
