0.112085743047962 0.987814318134336 -0.107979901343644
-0.0602948510645491 0.995981035320336 -0.0662292096988556
0.0304119235782089 0.985428806568806 0.167347489041966
-0.0466085807383334 0.961323812106936 0.271448279563063
0.389451470364638 0.919792351329419 0.0480581175944359
0.359945395495059 0.903397532865014 0.233049801277135
0.174060153380297 0.969674730094278 0.171563343467702
0.0206331457670869 0.983134755272725 0.181714958852027
-0.0757990910854049 0.947258015529653 -0.311378788303652
0.108912135009738 0.983856240890614 0.14200367638977
