0.0690286851250021 0.996326556828676 -0.0506797078506692
0.0731130552542705 0.996172076214282 -0.0479132103110593
0.0561439648632281 0.983885003503322 0.169759109006573
0.19688405143128 0.969268902143409 -0.147493951163144
0.0945505064569395 0.822438089087467 0.560941878760083
0.117680948996799 0.974154503924594 -0.192806111746075
0.0754689138975902 0.984173187962376 0.16033583233667
0.153033122986575 0.987581771574718 0.0355402268185952
0.0767166178032656 0.995503828391525 -0.0555579716210557
0.191623106239952 0.980193039016295 -0.0500219093893166
-0.199888245620661 0.974911875895639 0.097936323702392
0.309161304078318 0.947836839191069 0.0776183891412187
0.0295965458392183 0.986284139233189 0.162381160149307
-0.0631540142530099 0.993483154048234 0.0948830496248051
0.266906611946644 0.959030256474965 -0.0949833020310742
-0.145771698311003 0.822431839765583 0.549869512622153
0.23199276664189 0.958064394995377 0.168202173790896
-0.0874622609419718 0.987491899293377 0.13118727735904
0.0504948508596253 0.985926518597647 -0.159371170424854
0.122467175848307 0.987529969422479 0.0989259841102338
0.140499876759764 0.981675778038885 -0.128734033737167
-0.0904089327573045 0.992102620065988 -0.0869403021382265
0.0887977264380903 0.970189455219513 0.225493646829109
-0.077135310232241 0.977861885823043 0.194515490822656
0.347844087015729 0.93540280905729 0.0634513666986343
0.152235278914144 0.786747942917597 0.598207400630302
0.193912535553728 0.960833941470613 0.197979962302173
-0.0107543851634429 0.968908018032176 0.247187369808241
-0.0400691182645052 0.978456697800057 -0.202526433562912
0.129289996281575 0.988125079550459 0.0830236353390317
