-0.0165029880154767 -0.936078028715797 0.351405144444569
0.0761853585973015 -0.80254073910851 0.59171289761722
-0.0115225924098182 -0.72895727449535 0.684462213584116
0.12864361856218 -0.777706821601953 0.615323426367805
-0.084056179709137 -0.691519117443892 0.717450952234594
-0.0661749338262872 -0.81444698034393 0.576452074626973
-0.0424681178950803 -0.778721081912271 0.625931254650086
0.0133318673738855 -0.730935280075284 0.682316552381365
-0.153197540550191 -0.738658798598319 0.656440166978424
-0.0865525908735941 -0.760717365881758 0.643286668802477
