0.0824815324140917 -0.64194310268545 0.762302990762336
-0.0412186009199069 -0.189762563978412 0.980964421500874
0.0741326617523916 -0.407663539546275 0.910118007176052
0.0682336856258439 -0.0897395535942739 0.993625169098798
-0.100547534415278 -0.544803593484899 0.832513806401401
0.0879847835931807 -0.13122659046081 0.987440256325461
0.259259099636246 -0.577537629761435 0.774102709894073
0.123513467667128 0.0487048735189929 0.991146940973103
0.0602026456854958 -0.129454555254307 0.989756111158894
0.161888815042585 -0.431351892031582 0.887540171938647
