0.209430871751093 0.70912467055712 0.673261399134715
-0.315921835796008 0.363116879400804 0.876549784987426
0.109118577609021 0.770915868747118 0.627520405512411
-0.21609900255957 0.833338411983757 0.508771375182556
0.318003077048364 0.772649387126394 0.549442415145555
0.124812833530704 0.831197676446391 0.541786101017881
-0.0680789974350784 0.853097579597789 0.517290798093904
0.0520004463245226 0.81229779138587 0.580920176695292
0.156399018256614 0.34245637844134 0.926424835565848
-0.2126289463358 0.877650655022048 0.429555885676704
