-0.0268323209417455 0.511021818873158 0.85914883878665
-0.0442962489246517 0.794221567047675 0.606011505474558
0.0535868853251706 0.554899666976343 0.83018962009332
-0.134254083151329 0.708502141521081 0.692820724731325
-0.176670812060163 0.517648879730779 0.837154144396044
0.0188911458210288 0.809257435991256 0.587150344377338
-0.0407451914591494 0.704863555623047 0.708171728698197
-0.0189138167585111 0.74605425514666 0.665616493119865
0.044883368647453 0.672871926706429 0.738396135871007
0.0937779638321223 0.955690483365105 0.279036545106324
0.180096191983565 0.779360251015117 0.600135785277526
0.0161109875482848 0.655557498860061 0.754973378185324
0.259738557060364 0.581507661656508 0.770963501996677
0.142665548684709 0.646635380937388 0.749339192447886
0.100801388025136 0.75417417514748 0.64889166562133
-0.00510044587637962 0.859715431146539 0.510747846691871
-0.198218171138269 0.582540645184189 0.788261348373107
0.125252616266045 0.85582563301584 0.501870768217824
-0.0126997922830552 0.639631235447581 0.768576995437522
0.0464418834180065 0.698722161676259 0.713884088803669
-0.0862916341829763 0.320361816774933 0.943356804301901
0.0813364104881798 0.623549340874885 0.777541386566268
0.0683260789598391 0.720173962617333 0.690420893732238
0.188686573473123 0.636432709080211 0.747897575744029
-0.128137695969287 0.714285468916747 0.688023981970153
-0.0912219749689632 0.511154754660291 0.854634055061545
-0.0464293958833455 0.615093813827137 0.787085707778698
-0.0105398329922195 0.705807058262553 0.708325707868391
-0.158555023794057 0.606636330080926 0.779007488703165
-0.102363850489029 0.628342248262022 0.771172912622122
