0.150777651170727 -0.719822087801724 0.677585612170305
-0.00021624911777856 -0.710155693955141 0.704044631809242
-0.0184666654174812 -0.551036713656436 0.83427664624576
-0.00315239312357908 -0.722789567802082 0.691060998099353
0.00794073344294342 -0.719196422110241 0.694761434721457
0.0156820566744375 0.0754136654570409 0.997029012697621
-0.026536244457036 -0.756959486329349 0.652922785470169
-0.000126093448293191 -0.700046234396511 0.714097510013659
0.0245950516003724 -0.577528613108703 0.815999867939642
0.002923063154003 -0.749071650383245 0.662482541878591
-0.104993809037696 -0.822604503264215 0.558836408328225
0.0872889838371729 -0.759309804765741 0.644848240818943
-0.225298965716588 -0.695465821306292 0.682325191856347
-0.0463809467121598 -0.762542367792292 0.645273542851254
-0.0595330554052802 -0.611832208888315 0.788744041803776
-0.181378469403852 -0.929310803919699 0.32168817285508
-0.0750368202026934 -0.799112042706836 0.596480862069167
0.0648809589657817 -0.687381920217513 0.723392394846508
-0.112027210294848 -0.693814140612296 0.711387266149722
-0.0744498925773601 -0.744855423451253 0.663059282153922
