0.150777651170727 -0.719822087801724 0.677585612170305
-0.00021624911777856 -0.710155693955141 0.704044631809242
-0.0184666654174812 -0.551036713656436 0.83427664624576
-0.00315239312357908 -0.722789567802082 0.691060998099353
0.00794073344294342 -0.719196422110241 0.694761434721457
0.0156820566744375 0.0754136654570409 0.997029012697621
-0.026536244457036 -0.756959486329349 0.652922785470169
-0.000126093448293191 -0.700046234396511 0.714097510013659
0.0245950516003724 -0.577528613108703 0.815999867939642
0.002923063154003 -0.749071650383245 0.662482541878591
-0.0862916341829763 -0.943356804301901 0.320361816774933
0.0813364104881798 -0.777541386566268 0.623549340874885
0.0683260789598391 -0.690420893732238 0.720173962617333
0.188686573473123 -0.747897575744029 0.636432709080211
-0.128137695969287 -0.688023981970153 0.714285468916747
-0.0912219749689632 -0.854634055061545 0.511154754660291
-0.0464293958833455 -0.787085707778698 0.615093813827137
-0.0105398329922195 -0.708325707868391 0.705807058262553
-0.158555023794057 -0.779007488703165 0.606636330080926
-0.102363850489029 -0.771172912622122 0.628342248262022
