0.0350214037793331 -0.730597986260214 0.681909146257656
0.00846382390689374 -0.699538562046433 0.714544724908722
-0.0369528623669629 -0.572007938077805 0.819415282221942
-0.043772396924336 -0.701279852029996 0.711540966075942
0.018047735258979 -0.723446858317894 0.690144131643522
-0.0710539023076363 -0.335214577943284 0.939458636503579
-0.031245887327277 -0.725498075935293 0.687514535365849
-0.011161809341024 -0.701069328880841 0.713005757420515
0.000434954772729211 -0.590115933540314 0.807318398029048
0.0127475150755924 -0.750262136663706 0.661017569470138
-0.102379140096521 -0.834253412040274 0.541793093507344
0.0968879442176206 -0.791838082651518 0.60299683011443
-0.186409789254997 -0.719767720599915 0.668719536765834
-0.0247957190060355 -0.763026745133327 0.645891135200209
-0.0404285659620838 -0.60511149073491 0.795113586121394
-0.172790710759711 -0.88410429738183 0.434169277616617
-0.0691745535881674 -0.812353947094398 0.579047446912625
0.0688727717542383 -0.69624009482805 0.714497215995078
-0.0967273032503221 -0.705295653871881 0.702283325613926
-0.0810895559179762 -0.715971679901207 0.693403949729498
