-0.0399585668557842 0.855187380416808 0.516776409398368
0.0907655013786565 0.874365802653852 0.476703332177327
0.0562313254079905 0.857952361819219 0.510642519666826
-0.122305084633811 0.888961898478718 0.441348172450991
-0.110006145895855 0.782535732160244 0.612810309767689
0.00876933693432975 0.78340435394248 0.621450494370789
-0.108656801591354 0.903414891077152 0.414771303308215
0.0599171726907877 0.961390341311189 0.268586194824489
0.0247593062024737 0.844956958959073 0.534260904673931
0.152545328950873 0.742367608954464 0.652395781554803
0.14297241772873 0.802719295630683 0.578965128648507
-0.139625451662394 0.608577023176736 0.78111378179457
0.0717245210647954 0.68589317140254 0.724158926273364
-0.0780836461764478 0.79646587382443 0.599620760175028
0.247412327392466 0.761137562494719 0.599547121762619
0.125042571212223 0.763686129682348 0.63336233761997
0.0810103017021814 0.734781021898217 0.673449464233459
0.0196206378389781 0.781956064565392 0.623024673396003
-0.0577633885168812 0.543793756436043 0.837228607614567
-0.0581073104774215 0.74052197574386 0.669515305209291
-0.0708295604100418 0.345584152789152 0.935710834987564
0.0853059801614405 0.593048800449373 0.800634754450652
0.0324604413061956 0.700983023492331 0.712438853885551
0.158828049384078 0.631154307159966 0.759221898579244
-0.111568963787139 0.719663285256819 0.685300753080592
-0.0962437956231772 0.52885435088738 0.843237930451146
-0.0455325353861107 0.609965511019127 0.791118741775524
0.0380631761502323 0.682096019093963 0.730271329957245
-0.142643546656939 0.628309557988851 0.764774422909778
-0.0953922997049141 0.62881934944224 0.771677740332094
