-0.230729499025589 0.962800775676455 -0.140636284920417
0.00164361287311576 0.969880146834313 -0.24357709110952
-0.102549071137491 0.938764841734184 -0.328944159292471
0.0157217922736403 0.965021819213025 -0.261697752551465
0.0552379187542554 0.949597110993267 -0.308567819328166
0.0104830708679398 0.983750800681777 -0.179232997472955
0.0581998196429709 0.918970980157785 -0.390006562279875
-0.00929388474458558 0.975943522262243 -0.217825308586312
0.0368217930087193 0.979557531323891 -0.197765513642463
0.0392441427808852 0.970963649096856 -0.235986205931429
0.117829290936109 0.98380344708696 -0.135081589039031
-0.121602775017747 0.986729767878182 -0.107597073803395
0.0423216641768124 0.980893965496927 0.189883925578284
-0.0503933100938332 0.971600821092832 0.231197661643714
0.369945344114968 0.925532893005859 0.080804123235528
0.291176247826883 0.88692795395121 0.358573837865199
0.177217127806099 0.96673559177958 0.184435314402479
0.0050603690211723 0.982299287675732 0.187249838710531
-0.0406533104084955 0.952577729692036 -0.301567533477323
0.116034674584342 0.984098280050759 0.134486168416101
