-0.0924171946060553 0.634613408326063 0.767284096090831
0.0368058938476857 0.802828299399755 0.595073144967046
-0.011269115470514 0.807537094167068 0.589709122009081
-0.0302530185667933 0.768449843933043 0.63919448701227
-0.044821113101636 0.667670640400346 0.743106307177999
-0.0508502049535745 0.669028031853224 0.74149561647442
-0.016806951841115 0.579363633407585 0.814895887003102
-0.0572217307436283 0.770351384344671 0.635046784236368
-0.0552070774141753 0.622425494162926 0.780729583671211
-0.0120069516201446 0.668919047302916 0.743238280276353
0.125455653955939 0.791958520513356 0.597547136782349
0.0136024457985626 0.71637533884267 0.697582502193359
0.173036448421088 0.603686363294015 0.778216655110042
0.112368107266933 0.635506678057611 0.763874774170104
0.0764532418770072 0.730093699878849 0.679056765818373
0.130943773678477 0.864331965307954 0.48557592802952
-0.211935172553199 0.549702776140534 0.808028675566799
0.108881427765955 0.852902489973898 0.510590028578675
-0.0183535158464533 0.63192293940394 0.774813879012991
0.0493341528789346 0.652013640707208 0.756600524511747
