-0.195474538561551 0.978614278060968 0.0640609049995257
0.292740164878729 0.953745173562878 0.06836182979039
-0.00354106816902553 0.982714073114077 0.185095951710897
-0.0711488352806873 0.992850702611832 0.095840104139094
0.256612544933812 0.960071758075603 -0.111410148228129
-0.0964048421175027 0.890277859738094 0.445097111736819
0.23684143624577 0.957025675115761 0.167355882018715
-0.107239787562936 0.982715121876743 0.150899361159132
0.0360873615508668 0.98767266382544 -0.152316812822015
0.104112676549172 0.989645429413352 0.0988052358077686
