-0.0287596038598487 0.851257912270722 0.523958826609798
0.0868361691796404 0.885481207649122 0.456489332430078
0.0685702166344764 0.841468113226203 0.535937999972231
-0.108500986834382 0.896127483456014 0.430329024411271
-0.0798279974562947 0.765866807073299 0.638024705356672
-0.00365977573321089 0.778104617569447 0.628124040424092
-0.114240783735469 0.899534925769585 0.421646724939508
0.0735839136836314 0.959518311624347 0.271863968382281
0.0348664810104406 0.843318639236183 0.53628164355941
0.163871617656358 0.748488133374507 0.642581984749211
-0.0079069525674809 0.527777865010738 0.849345633594359
-0.0152865222328222 0.784252715327342 0.620253174711518
0.0659342336777893 0.580016641940159 0.811931876392215
-0.113463007463462 0.612622756139537 0.782188918738526
-0.0709300011352671 0.545247238065303 0.835269049062103
0.0516726284753361 0.815986678624773 0.575756615049589
-0.0301512068449812 0.728332161029205 0.684560565572046
-0.0134137939283186 0.767501079945311 0.640907296272425
0.108406673559167 0.686550500636362 0.718955077319714
0.117911038183567 0.947582638645541 0.29695812838181
