-0.0328884634021723 0.709559185051703 0.703877909785359
0.033244822019901 0.735841128342411 0.676337649143261
-0.0514983650879589 0.73052950485955 0.680936532228171
-0.0011085478931402 0.813358195813989 0.581762164826642
0.0533971325905227 0.564735546077584 0.823542657806845
0.13405446736644 0.640740567679396 0.755963573665416
0.116137534404274 0.493648168913438 0.861872124175568
0.176816808562703 0.809183064307673 0.560320073393185
-0.0428625186924597 0.617636347050737 0.78529494286743
-0.101257515454573 0.7329244174799 0.672732274999287
-0.0369071356718615 0.505403153632789 0.862093681472339
-0.0382958914997498 0.794685602230714 0.605812032153082
0.051236560807099 0.520179275945122 0.852518818392808
-0.135893045008445 0.69866192639429 0.702427642483802
0.0597503895159791 0.522688136252155 0.850427541401346
-0.0119750364025363 0.786830676040672 0.617052741461001
-0.0756699650900767 0.74744475426457 0.660000299776934
-0.0471052883439243 0.717998045239069 0.694449349371796
0.0124957912546212 0.614057549864678 0.789162328456642
0.106731492970865 0.946618004543604 0.304175511641052
