-0.0708295604100418 -0.935710834987564 0.345584152789152
0.0853059801614405 -0.800634754450652 0.593048800449373
0.0324604413061956 -0.712438853885551 0.700983023492331
0.158828049384078 -0.759221898579244 0.631154307159966
-0.111568963787139 -0.685300753080592 0.719663285256819
-0.0962437956231772 -0.843237930451146 0.52885435088738
-0.0455325353861107 -0.791118741775524 0.609965511019127
0.0380631761502323 -0.730271329957245 0.682096019093963
-0.142643546656939 -0.764774422909778 0.628309557988851
-0.0953922997049141 -0.771677740332094 0.62881934944224
-0.109776096030225 -0.826908890705135 0.551516903832662
0.106880846151107 -0.77406151854666 0.624023437245159
-0.218608150975239 -0.711634465555872 0.667672722042915
-0.033009875058375 -0.750817392397073 0.659684463529868
-0.054174278855617 -0.608954875042454 0.79135270750311
-0.18273528276815 -0.927710108257112 0.32551769762829
-0.0655548270121519 -0.802092078182348 0.593591494862022
0.0715963514953487 -0.697539830044232 0.712960130690643
-0.119063331934586 -0.675010944972057 0.728137450730674
-0.0806557811551995 -0.736331916773236 0.67179606526631
