-0.0776756698880183 0.627078587270903 0.775073503413564
0.024758984253614 0.815630291636205 0.578043441329601
0.00193376897181643 0.819809824153781 0.572632615870341
-0.0594957423526841 0.768854963197599 0.636649277238513
-0.0384350329899613 0.673679398906325 0.738023587514839
-0.0869133665208187 0.654107352312984 0.751391800840358
-0.0596518229489971 0.582411145159976 0.810702730976224
-0.0616667296798366 0.768713992570565 0.636612921701104
-0.0594058080738471 0.631285909106735 0.773271654032641
-0.0231888041929848 0.665626312645552 0.745924856318641
0.130180848290688 0.801427366454507 0.58375262143832
-0.136842517655056 0.636229864453597 0.759266544066828
0.0610376199649419 0.676568242618627 0.733845911638784
-0.0539455141222614 0.794324094101774 0.605094302597108
0.223893926174224 0.774901264417025 0.591100279332692
0.144557922335759 0.759067653398803 0.634759249364358
0.0883756952639027 0.722430771891689 0.685772204387579
0.0401923071276558 0.765887746042048 0.641716868182836
-0.0652490189683103 0.544389234153642 0.836291173731544
-0.0695197394453556 0.725308738027047 0.684904548363538
