0.103887763271072 0.0309769316173747 0.994106514589914
0.0776048072458219 0.0807463314459842 0.993708973417446
0.0522530675446663 -0.169759013722086 0.984099331466228
0.185601350761256 0.136256350599247 0.97313223434278
0.125966989200811 -0.532332333299199 0.837110867541399
0.0700610141813392 0.226880392969009 0.971399372852438
0.0697077889325388 -0.128864846728033 0.989209116132629
0.147930682231241 -0.0331365137089666 0.988442453921226
0.0851502501856762 0.0396219597182945 0.995579999398039
0.200481251246652 0.0322307399910738 0.979167221315238
