0.00213036625744537 0.741346423935198 0.6711191706829
-0.158400022022091 0.979680935736446 0.123023157080132
0.0396758447369253 0.941218057123718 0.335461467666056
-0.314814872385582 0.828756570464435 0.462659856738055
-0.85239628381291 0.232394624992127 0.468415748685621
-0.0689510329503377 0.907704569827562 0.413905990496926
-0.099492407318694 0.949855573523872 0.29643827406657
0.0359573378157903 0.990249793540385 0.134582377191168
0.0204144549093659 0.983411164139457 0.180237987884441
0.185094261915829 0.829526517518395 0.526902145506772
