-0.0104561600246961 0.708886344458537 0.705245219308681
0.0299397596347977 0.734032894430017 0.678453624566707
-0.152246032041259 0.599210483171162 0.78598215156928
-0.0367873114504071 0.738928399521783 0.672778948909987
-0.0187137196640776 0.723569877568122 0.689997412293978
0.083863378165042 0.647428842060767 0.757497741429373
-0.0390957334847082 0.623948061670054 0.780487245226644
0.0608142767571067 0.777652790650609 0.625745763817727
-0.0975191457124429 0.625785852238881 0.773874720712063
0.000915317670623116 0.754795629869344 0.655959388471346
-0.00257997966761639 0.801715187122881 0.597700679639432
0.08505021365349 0.891602269471407 0.444760445892991
0.0616063026536965 0.823570173160639 0.563858877161206
-0.101149731112528 0.896254736139309 0.431852034664329
-0.0757608986725953 0.734593806974816 0.67426421007389
0.0211237427271852 0.757214506547012 0.652824615473375
-0.126284084268475 0.909172758243057 0.396808802484502
0.0476094026476367 0.96242727217712 0.26733329487597
0.0666458846690754 0.830236313049794 0.553413037929322
0.158909988146254 0.742390294291943 0.650848881545078
