0.0824815324140917 -0.64194310268545 0.762302990762336
-0.0412186009199069 -0.189762563978412 0.980964421500874
0.0741326617523916 -0.407663539546275 0.910118007176052
0.0682336856258439 -0.0897395535942739 0.993625169098798
-0.100547534415278 -0.544803593484899 0.832513806401401
0.0879847835931807 -0.13122659046081 0.987440256325461
0.259259099636246 -0.577537629761435 0.774102709894073
0.123513467667128 0.0487048735189929 0.991146940973103
0.0602026456854958 -0.129454555254307 0.989756111158894
0.161888815042585 -0.431351892031582 0.887540171938647
0.0690286851250021 0.0506797078506692 0.996326556828676
0.0731130552542705 0.0479132103110592 0.996172076214282
0.0561439648632281 -0.169759109006573 0.983885003503322
0.19688405143128 0.147493951163144 0.969268902143409
0.0945505064569395 -0.560941878760084 0.822438089087467
0.117680948996799 0.192806111746075 0.974154503924594
0.0754689138975902 -0.16033583233667 0.984173187962376
0.153033122986575 -0.0355402268185952 0.987581771574718
0.0767166178032656 0.0555579716210556 0.995503828391524
0.191623106239952 0.0500219093893165 0.980193039016295
