0.0176950017140598 0.753198868829729 0.657554827301843
0.0165503426819821 0.66762335982635 0.744315212508306
0.00615756193575698 0.778651136592211 0.627426881727796
0.0255049284272026 0.694788619958608 0.718761624046482
0.0491955802706041 0.680234305694565 0.731341974891413
-0.0471077475843801 0.65207330388653 0.756690998014402
0.020065952536245 0.703832853660035 0.710082158385623
-0.0465829418788036 0.707701423832249 0.704974272035315
-0.0090520334847824 0.736792737782067 0.676058076086217
-0.0110167130164119 0.68175430598705 0.731498255843738
-0.249927571641382 0.923136473953509 0.292156224287835
-0.0375231683227246 0.859068176246189 0.510483966839381
0.0315278868298039 0.856781226643646 0.514715379625532
-0.0940783378552588 0.988156444245787 0.121227505302697
0.00255794142901767 0.927016337119473 -0.375012223333108
-0.315809201515923 0.849715966087134 0.422193468938689
-0.266475771660868 0.77894345834009 0.56765989097956
-0.0520808275763772 0.995567231471334 0.0783165054089058
-0.207430979447501 0.961314677733455 0.181235976394519
-0.297671272202077 0.800873990293614 0.519608184478248
