0.0203232857565836 0.742562418923493 0.669468459345582
0.00583028751161342 0.66789866744223 0.744229385187407
-0.010003567895539 0.781769702383042 0.62348701755954
0.0220805240557367 0.682387344706773 0.730657212543245
0.0527851785511688 0.680996814877986 0.730381450374638
-0.0675891025002781 0.639328147989315 0.76595772233966
0.0399765135760661 0.709260655298376 0.703811907549184
-0.0324106706554952 0.721770867265979 0.691372810858063
-0.0044821378075607 0.740891655235846 0.671609608063019
-0.0103608003226604 0.692358784311813 0.721479013972647
-0.239914142208955 0.922920461646807 0.301096373013335
0.0157645268266752 0.862327237148329 0.506105933344058
0.0411569463764859 0.842082162854692 0.537776660675161
-0.0587536004685933 0.985553435483676 0.158847222948025
0.0113782475722282 0.933655128535459 -0.357992508918301
-0.325761286943804 0.850043515038975 0.41389081467085
-0.281297270144345 0.764546017899281 0.579949335997285
-0.0349699348930075 0.993055522251018 0.112329129705241
-0.194965011273742 0.9578520251695 0.21096952921623
-0.329743978699653 0.748815224820648 0.574930141485142
