0.10508827527017 0.978138309086603 -0.179448886031487
-0.0829953900824465 0.995892934445538 -0.0361804967699273
0.0883729842695728 0.976396805147191 0.197077382136175
0.0328057007265073 0.928956187708564 0.368733219710151
0.402384138669889 0.915468990479557 0.00187947259429758
0.133728891261093 0.919395499466174 0.369903364682484
0.0927377584868361 0.959125440724419 0.267353879915791
-0.0514889068561813 0.963805257882968 0.261588068053382
-0.0789692285466036 0.951015923848836 -0.298885552559335
0.144543656145183 0.983433369295858 0.109388937391215
