0.0176950017140598 0.94605861923935 -0.323511940857327
0.0165503426819821 0.978407562368581 -0.206021183515385
0.00615756193575698 0.932693186889631 -0.360618224110583
0.0255049284272026 0.969860135668918 -0.242323783121245
0.0491955802706041 0.973477881957127 -0.223429201811457
-0.0471077475843801 0.981350279038737 -0.186366547288184
0.020065952536245 0.966865614766052 -0.254496052094874
-0.0465829418788036 0.964376340513149 -0.260400275315488
-0.0090520334847824 0.95387983721533 -0.300052190200048
-0.0110167130164119 0.974373225378211 -0.224667420202345
-0.202518676843789 0.972659977158643 0.113660698410619
0.243814139893127 0.954232442440348 0.173190966803995
0.0836535274946778 0.988648471411612 0.124804997148272
-0.0332605315587585 0.997002645429204 0.0698531462970504
0.218085084626494 0.970695462879141 -0.10094163763931
0.0539956422515559 0.966156501193504 0.252242117457353
0.25586018756396 0.954319739867676 0.154302943972647
-0.0851207791570974 0.986391821793896 0.140661390771622
0.0370698638041665 0.993822374423268 -0.104608380607087
0.086862513257395 0.992686798592105 0.0838321161105093
