-0.0268323209417455 0.511021818873158 0.85914883878665
-0.0442962489246517 0.794221567047675 0.606011505474558
0.0535868853251706 0.554899666976343 0.83018962009332
-0.134254083151329 0.708502141521081 0.692820724731325
-0.176670812060163 0.517648879730779 0.837154144396044
0.0188911458210288 0.809257435991256 0.587150344377338
-0.0407451914591494 0.704863555623047 0.708171728698197
-0.0189138167585111 0.74605425514666 0.665616493119865
0.044883368647453 0.672871926706429 0.738396135871007
0.0937779638321223 0.955690483365105 0.279036545106324
