0.102417277312068 0.0408078003537746 0.993904132569268
0.0839286337032356 0.0821685102372657 0.993078204558985
0.0529835815664118 -0.162346717559164 0.985310247273497
0.184833421851805 0.150969122960319 0.971105004661774
0.120343832698761 -0.53178038526061 0.838288126948873
0.0607524282211551 0.22122330959545 0.973329024408945
0.0674093952288531 -0.140603277092536 0.987768541666376
0.142413666627784 -0.0465956925475591 0.988709860876103
0.0849767944691365 0.0332238653841032 0.99582886038249
0.18698669404106 0.0303530966295444 0.981893408561537
