-0.0444597860837434 0.86315206527918 0.502982941684581
0.102195163648527 0.883089831973523 0.457939403405981
0.0649430086492993 0.863034470644576 0.500952999898008
-0.14133269682545 0.879216989379324 0.454975333831191
-0.133225317313559 0.803434920426964 0.580295910260635
-0.0166593327796203 0.807034670939861 0.590269012004127
-0.100912082738528 0.900704128292896 0.422550381414462
0.0248629036926515 0.968461107493873 0.247921195729029
0.00432897227738866 0.83650882824165 0.547936346917052
0.124661073975043 0.765431461302222 0.631327406884996
0.158563903298443 0.79507946212547 0.585411084176782
-0.152786408165459 0.590502510995027 0.792441226835445
0.0638237598512616 0.694630203332969 0.716530116810205
-0.0825587562069733 0.785624355770479 0.613170794635375
0.250091897543092 0.763434236356038 0.595501645289725
0.101423181350657 0.764620416643722 0.636450278290686
0.0496767998479045 0.756280674018677 0.65235861124287
0.0156947135640812 0.791531209359817 0.610927181074412
-0.0129494607045749 0.525576732473473 0.850647641359199
-0.0360130668712229 0.7524067506404 0.657713570336878
-0.0763714736870242 0.333187609672772 0.939762424641152
0.0896931400430115 0.603170939750894 0.79255281090237
0.052018986758 0.707706494993337 0.704588917001195
0.186762675958545 0.634027582294742 0.750419034778761
-0.116031357759401 0.719445216414554 0.684788510851873
-0.109066012203719 0.487018332971062 0.866555104036706
-0.0437028346013411 0.615041774599837 0.787282463760556
0.0390899189997519 0.68833135245599 0.724342410368673
-0.146345370039848 0.637670746907569 0.756279744014239
-0.0937495536191157 0.623268353780821 0.776368198969768
