-0.0636980625394256 0.641221208630951 0.764707733994227
0.0778507895887526 0.776150633684823 0.625723140367252
-0.0288744659183778 0.830760006165019 0.555881351886018
-0.0592925674138056 0.742099800167571 0.66766179914739
-0.0708330266523172 0.648492253801192 0.757918517451
-0.136462506493578 0.648360992630315 0.749003342820927
-0.0582080276846446 0.57405894228278 0.816742405105943
-0.0620772673855372 0.787840755411716 0.612742488314823
-0.0382055534623423 0.597636358231466 0.800856490892386
-0.00375537106999459 0.653525634579208 0.756895066793258
0.184861003318119 0.789586741196329 0.585131769415385
0.0295676378152485 0.67529426520054 0.736955500814866
0.250074431308765 0.584904085082305 0.77158926253521
0.150402270256182 0.631752048730766 0.760439679413342
0.0777715218280697 0.738596484486375 0.669646790104241
-0.0278274911812585 0.860965609349827 0.507901417847438
-0.19863026057904 0.58026161526183 0.789836994218449
0.149103462095283 0.853854809128445 0.498698428430877
-0.0139854847759603 0.642017498743853 0.766562415933802
0.0427070418430061 0.692123522564915 0.720514495405438
