-0.0104561600246961 0.708886344458537 0.705245219308681
0.0299397596347977 0.734032894430017 0.678453624566707
-0.152246032041259 0.599210483171162 0.78598215156928
-0.0367873114504071 0.738928399521783 0.672778948909987
-0.0187137196640776 0.723569877568122 0.689997412293978
0.083863378165042 0.647428842060767 0.757497741429373
-0.0390957334847082 0.623948061670054 0.780487245226644
0.0608142767571067 0.777652790650609 0.625745763817727
-0.0975191457124429 0.625785852238881 0.773874720712063
0.000915317670623116 0.754795629869344 0.655959388471346
0.00107772840632275 0.547662877466286 0.836698399153978
-0.00575994925107234 0.768544399406747 0.639770528490605
0.0819332009675157 0.585624519566988 0.806430947236743
-0.082253350751352 0.625172235193122 0.776140491556658
-0.0143974590422939 0.569363496433541 0.82195980564873
0.0773364209256792 0.834721565594477 0.545214623730794
-0.0407811006036195 0.731753997954996 0.680347696630508
-0.0155582292620743 0.77852060882201 0.627426173459185
0.108793485191629 0.679628797557584 0.725443778049196
0.128186426013361 0.920553517695187 0.36898436449928
