0.106915935535986 -0.762064654982525 0.638612906505052
-0.00774780306454313 -0.702238047802679 0.711900060237359
-0.0437366109807019 -0.559810972796202 0.827465276369282
-0.0014733547502314 -0.735462041369885 0.677564325307806
-0.00372168911056699 -0.702779993056483 0.711397519246232
-0.0239441110599999 -0.100593598852961 0.994639435883856
-0.0522660611455201 -0.757273887703264 0.651002701880043
0.000660859919267546 -0.684227195984596 0.729268611376648
0.0233598931886044 -0.591231250044211 0.806163708164401
0.00483473889744856 -0.754677930156916 0.656077622719954
-0.078110190421866 -0.946528367508727 0.31302212007065
0.083024325308189 -0.775864008226282 0.62541346495432
0.0765622403243112 -0.654607916634922 0.752081577247714
0.202989164179756 -0.727272526646006 0.655644775172912
-0.153780039832364 -0.670336926118405 0.725947728718318
-0.106029263752874 -0.876906158566982 0.46882127116346
-0.0559993665347455 -0.781921110011272 0.620857027556625
-0.00343179037116064 -0.721644306232549 0.692255529480979
-0.162654151114056 -0.798989164115616 0.578929998144158
-0.0974406363396752 -0.781022938367356 0.616853703996126
