-0.216677750648503 0.900504262265213 0.377018336445444
0.288112145795172 0.773799414783899 0.564115109818375
-0.0079142205412258 0.785536729322993 0.618764423668459
-0.0319205329572446 0.978502895132218 0.203747794573567
0.0418147056817485 0.968652424004783 -0.244875502773157
-0.273857915720104 0.880274067591185 0.387452458920976
-0.281924189738264 0.630659980097304 0.723039930255647
0.117027245807622 0.93925040608865 0.322665923829876
-0.0661477161498396 0.917177281490944 0.392950778043564
-0.161918694343661 0.649789953470308 0.742667727042921
-0.217476353088475 0.974365528321921 0.0575834443679841
0.286743625702816 0.955485918458096 0.0694604401590728
-0.0044382117667488 0.982717586261473 0.185057958296147
-0.0712606693939488 0.993083025604261 0.0933167790604357
0.246557018831763 0.961929190884983 -0.117906183841885
-0.0624210757091884 0.929108871654138 0.364500087682955
0.232770760607013 0.957781147203716 0.168739583582414
-0.104823018839423 0.981544356478301 0.159946275314517
0.0456028981631645 0.988165023279659 -0.14645908113132
0.121221775200909 0.989765679106037 0.0752939684231458
