0.00107772840632275 0.547662877466286 0.836698399153978
-0.00575994925107234 0.768544399406747 0.639770528490605
0.0819332009675157 0.585624519566988 0.806430947236743
-0.082253350751352 0.625172235193122 0.776140491556658
-0.0143974590422939 0.569363496433541 0.82195980564873
0.0773364209256792 0.834721565594477 0.545214623730794
-0.0407811006036195 0.731753997954996 0.680347696630508
-0.0155582292620743 0.77852060882201 0.627426173459185
0.108793485191629 0.679628797557584 0.725443778049196
0.128186426013361 0.920553517695187 0.36898436449928
0.125455653955939 0.791958520513356 0.597547136782349
0.0136024457985626 0.71637533884267 0.697582502193359
0.173036448421088 0.603686363294015 0.778216655110042
0.112368107266933 0.635506678057611 0.763874774170104
0.0764532418770072 0.730093699878849 0.679056765818373
0.130943773678477 0.864331965307954 0.48557592802952
-0.211935172553199 0.549702776140534 0.808028675566799
0.108881427765955 0.852902489973898 0.510590028578675
-0.0183535158464533 0.63192293940394 0.774813879012991
0.0493341528789346 0.652013640707208 0.756600524511747
-0.0165029880154767 0.351405144444569 0.936078028715797
0.0761853585973015 0.59171289761722 0.80254073910851
-0.0115225924098182 0.684462213584116 0.72895727449535
0.12864361856218 0.615323426367805 0.777706821601953
-0.084056179709137 0.717450952234594 0.691519117443892
-0.0661749338262872 0.576452074626973 0.81444698034393
-0.0424681178950803 0.625931254650086 0.778721081912271
0.0133318673738855 0.682316552381365 0.730935280075284
-0.153197540550191 0.656440166978424 0.738658798598319
-0.0865525908735941 0.643286668802477 0.760717365881758
