-0.0183908763645089 0.818812009165896 0.573767086292212
0.0802509967261634 0.883199973784571 0.462079629318789
0.0649006917746755 0.826805081284313 0.558731829923451
-0.0933960724075115 0.884588616384045 0.456924669308423
-0.0657780946736204 0.748074733915341 0.660346450538352
0.0089510304659592 0.769534149317456 0.638542928931059
-0.119476938510382 0.901470710960182 0.416023819564614
0.047757194098651 0.962425677255642 0.267312674916178
0.0565643466220585 0.833902265887389 0.54900590674336
0.158288680385522 0.734134462322879 0.660296361410319
-0.0163083099875781 0.53653003151778 0.843723630287121
-0.0127341543066366 0.776970268731881 0.629408486454388
0.0693602774081322 0.584100358432079 0.808712509608566
-0.109470277856255 0.620606434288032 0.776443115744076
-0.0464094966372952 0.564231873327531 0.824310955734047
0.0678347335225427 0.835545826867768 0.545217039473075
-0.0406750292767357 0.725988469588204 0.686502938098821
-0.00262195008646765 0.773033544087688 0.634359728460889
0.115416895459222 0.680546866583405 0.723557117735749
0.124342553962175 0.933113551272995 0.337398917758879
