-0.250954496764653 0.917022766521022 0.309985622627456
0.0421049346201246 0.84461380309816 0.533717807550674
0.0314709612522368 0.84479744204919 0.534159957788868
-0.0877365314737831 0.981757405546623 0.168685202964909
0.0175216227939804 0.942149083988497 -0.334735860454629
-0.328534135442783 0.865306449559205 0.37856316540322
-0.288695696091336 0.744723917528669 0.601698497354856
-0.00313796847477148 0.986072938115414 0.166283835264544
-0.179479457333447 0.952108239417638 0.247541965792341
-0.312373439297608 0.739507544416295 0.596281331397155
-0.21399952146983 0.974251517217086 0.07098018040897
0.239465591151756 0.961586530946965 0.134192302892983
0.0809622227601051 0.986999193822027 0.138844192822068
-0.0267309055314275 0.994021801440311 0.105858948373899
0.232679698495471 0.967698264551967 -0.0970578522901061
0.0234963560452019 0.957264489204755 0.288257903551935
0.240279638868651 0.956665570297748 0.164489153903941
-0.090251297411763 0.985327555292982 0.14485962893729
0.0369359080240493 0.986327554143219 -0.160604155102832
0.0885604493388874 0.991576112728581 0.0945190958429562
