0.150360593221214 0.806021937825157 0.572468625996869
-0.132189268510053 0.729930335927066 0.670617403579849
0.0564653894582726 0.665590858667398 0.744177713084531
-0.0155933683403608 0.789110137198757 0.614053774708666
0.211019661236656 0.783222319526718 0.584836302538373
0.128479299925716 0.747625575603998 0.651574299825729
0.11181634308595 0.693493481453944 0.711733023401172
0.0346245351680008 0.762565565402459 0.645983668544978
-0.082188217835749 0.56724487064114 0.819437827769929
-0.069848470763036 0.714465611206232 0.696175323848649
0.125455653955939 0.791958520513356 0.597547136782349
0.0136024457985626 0.71637533884267 0.697582502193359
0.173036448421088 0.603686363294015 0.778216655110042
0.112368107266933 0.635506678057611 0.763874774170104
0.0764532418770072 0.730093699878849 0.679056765818373
0.130943773678477 0.864331965307954 0.48557592802952
-0.211935172553199 0.549702776140534 0.808028675566799
0.108881427765955 0.852902489973898 0.510590028578675
-0.0183535158464533 0.63192293940394 0.774813879012991
0.0493341528789346 0.652013640707208 0.756600524511747
