0.139842018365334 0.972832143592757 0.184504282585068
-0.0953077213038919 0.974794044897946 0.201725080967539
-0.096397679765054 0.853710383816082 0.511748051193663
0.0714425328388611 0.783009040014644 0.617893848291852
0.242621496349488 0.938910993335346 0.244092105778062
0.0409461632125876 0.920087457580268 0.389567044450177
-0.0255073192733457 0.907584917121547 0.419093062310702
-0.000411352367250349 0.913420303672711 0.407017419317261
-0.400595145719508 0.909538532217415 0.110739277755262
-0.00978574563766195 0.947921592898439 0.318353408807257
0.117829290936109 0.98380344708696 -0.135081589039031
-0.121602775017747 0.986729767878182 -0.107597073803395
0.0423216641768124 0.980893965496927 0.189883925578284
-0.0503933100938332 0.971600821092832 0.231197661643714
0.369945344114968 0.925532893005859 0.080804123235528
0.291176247826883 0.88692795395121 0.358573837865199
0.177217127806099 0.96673559177958 0.184435314402479
0.0050603690211723 0.982299287675732 0.187249838710531
-0.0406533104084955 0.952577729692036 -0.301567533477323
0.116034674584342 0.984098280050759 0.134486168416101
