0.137803558621188 0.97322336140095 0.18397409615153
-0.106324766713496 0.970365233011326 0.216993913615556
-0.0672268866569984 0.8586108336725 0.508200730037474
0.0692529944026118 0.766242168752488 0.63880901808894
0.235631070440631 0.920955116717462 0.310354106843985
0.0706755141507448 0.927411135101042 0.367305810177466
-0.018189516440024 0.864944640188329 0.501537546850843
0.00521743803907716 0.890423101983343 0.455103809910079
-0.304455940942975 0.939579124689949 0.156517246562152
-0.0164813622460237 0.951229094056247 0.308044761876333
