-0.12835690367521 0.631328586856674 0.764819403974865
0.0112277708593343 0.687582606181856 0.726019350181314
-0.0792232129940324 0.746478767349856 0.660676268999229
0.0300210692850127 0.73049008960548 0.682263119615271
0.0746454406532267 0.744064030605178 0.663925279341932
0.0357741932756922 0.688841446298522 0.724028776332014
0.0377383453442538 0.809512721257906 0.585888190196984
-0.0185718462129884 0.705403045534202 0.708563074030332
0.0205174871211157 0.669829925641851 0.742231031038765
0.0427433941035413 0.648756165214331 0.759794998902273
0.0911868875016801 0.974715621678366 0.203996098991897
-0.0873129818253682 0.987082972101278 0.134326651832282
-0.11705207934133 0.872996025600962 0.47347307210315
0.0432479976895091 0.750919752185478 0.658975823891551
0.223660138739311 0.955167364636853 0.193988267356047
-0.183181666928078 0.865123067631603 0.466911720513776
0.0200830633191726 0.95414438612202 0.298672330488701
-0.000235629003425584 0.944644492905307 0.328095605735049
-0.290197435558864 0.946877427298928 0.138595043442477
0.041533068141412 0.96246892882133 0.268195013570877
