0.180096191983565 0.779360251015117 0.600135785277526
0.0161109875482848 0.655557498860061 0.754973378185324
0.259738557060364 0.581507661656508 0.770963501996677
0.142665548684709 0.646635380937388 0.749339192447886
0.100801388025136 0.75417417514748 0.64889166562133
-0.00510044587637962 0.859715431146539 0.510747846691871
-0.198218171138269 0.582540645184189 0.788261348373107
0.125252616266045 0.85582563301584 0.501870768217824
-0.0126997922830552 0.639631235447581 0.768576995437522
0.0464418834180065 0.698722161676259 0.713884088803669
