0.048763180664784 -0.641639283350216 0.76545488585107
-0.031543363072872 -0.708486899567216 0.705018673077307
0.0202815447412585 -0.625827118634948 0.779698067538959
-0.0291201777506138 -0.6996722529548 0.713870263908596
0.0719690447328128 -0.587402220072481 0.806088759662462
-0.025501962160939 -0.668341683386767 0.743417140086025
-0.0412687095091284 -0.65217548383191 0.756943876323777
-0.0110873689042394 -0.741737716630556 0.670598411852035
-0.0122713278198152 -0.690275689176704 0.723442387094622
0.0497293757503214 -0.70471516834207 0.707745378434993
-0.001690648684779 -0.382464939453347 0.923968458225698
-0.00569094805943306 -0.0325024961058155 0.999455452162364
0.0104492528796213 -0.322052018702012 0.94666430711431
0.0710215591165373 -0.0392111898988335 0.996703777823368
-0.0822294691989405 -0.56840723901953 0.818627830595476
0.0994740737921097 -0.0117277173695607 0.994971039422003
0.223872813652966 -0.439150537026433 0.870073427439604
0.0658712409892834 0.112167323879766 0.991503641478025
0.0829900767356563 -0.0827217092652227 0.993111154896394
0.145034417310144 -0.341964825296229 0.928453055386015
