-0.0448288320312906 0.848614689411332 0.527108608100853
-0.00133599071988152 0.944287681917379 0.329118502834314
0.052693968112136 0.889229992385369 0.454415411674068
-0.227596074781431 0.875546000139749 0.426168075274734
-0.288056465319637 0.712401385147176 0.639927917212511
-0.0124617328755211 0.85810064410747 0.513330293082421
-0.0900925043177231 0.882535883476469 0.461534132044608
-0.0129276896443712 0.96869098180134 0.247932766324291
-0.0168605033231748 0.891898197603446 0.451921816843814
0.208706797047888 0.871231189954775 0.444294594290769
