0.107231410807568 0.994115739393285 -0.0153401834004901
0.129801356710899 0.989670316553776 -0.0608627334939749
0.048674393127107 0.981785556756209 0.183651637614828
0.17872414313374 0.980350254069721 -0.0834928739866141
0.105170932060424 0.851851025907417 0.513116852880533
0.0647856290920275 0.976969108679168 -0.203308098583853
0.0610463792124284 0.989321829768949 0.132346729191438
0.154462817378307 0.987577684012538 0.0288367142370297
0.0863974057163283 0.9952485297935 -0.0448982430543298
0.194861533225174 0.97979109744615 -0.045148513091839
-0.202518676843789 0.972659977158643 0.113660698410619
0.243814139893127 0.954232442440348 0.173190966803995
0.0836535274946778 0.988648471411612 0.124804997148272
-0.0332605315587585 0.997002645429204 0.0698531462970504
0.218085084626494 0.970695462879141 -0.10094163763931
0.0539956422515559 0.966156501193504 0.252242117457353
0.25586018756396 0.954319739867676 0.154302943972647
-0.0851207791570974 0.986391821793896 0.140661390771622
0.0370698638041665 0.993822374423268 -0.104608380607087
0.086862513257395 0.992686798592105 0.0838321161105093
0.118295285627531 0.985889847763025 -0.118437466521787
-0.0478629352574891 0.994807891427243 -0.0898131314598275
0.0355652792822755 0.980446678867266 0.193544363926524
-0.0246564807063176 0.964588221569441 0.26260544695166
0.431214988515306 0.901471501788797 0.0374535064098885
0.359320192631987 0.908844854482208 0.211872673198141
0.187347449787272 0.970105903833688 0.154257798523216
0.0220661298493672 0.98611982442251 0.164562382683249
-0.0917429742429202 0.947498247799928 -0.30631731438678
0.0997354812689625 0.987176672474687 0.124639685084056
