0.0435433847477743 0.726410327927406 0.685880462708412
0.0300710433698578 0.718786265900346 0.694580475037764
-0.110790324842105 0.604260084990854 0.789047054115422
-0.0121043937521021 0.763784802616548 0.645357466017009
0.0470629419758526 0.663868057541618 0.746367390544695
0.100611446897096 0.641391108744183 0.760588444809136
0.0537280980404155 0.516490820331648 0.854605478565461
0.109466135589359 0.790719600541102 0.60231194449326
-0.0716490370493369 0.610469924995268 0.788792042407994
-0.0238486464614013 0.755444408708602 0.654778578920287
-0.0982391966277521 0.658403947699765 0.746226039413862
0.0740144428333149 0.76652689003008 0.637932903300095
-0.0317551579169397 0.824568264587494 0.564870593128053
-0.0367265017346019 0.733538499235686 0.678654871204352
-0.097692325544301 0.639876757250596 0.762242707449673
-0.183798317658537 0.659805262513114 0.728611826685438
-0.0475344178366532 0.569680703837335 0.820490325839573
-0.0559783158016026 0.788691722772615 0.612235081149374
-0.0225634044249614 0.596332262779648 0.80242054133033
-0.000573193296075703 0.670694065852742 0.741733875105731
0.150777651170727 0.677585612170305 0.719822087801724
-0.00021624911777856 0.704044631809242 0.710155693955141
-0.0184666654174812 0.83427664624576 0.551036713656436
-0.00315239312357908 0.691060998099353 0.722789567802082
0.00794073344294342 0.694761434721457 0.71919642211024
0.0156820566744375 0.997029012697621 -0.0754136654570408
-0.026536244457036 0.652922785470169 0.756959486329349
-0.000126093448293191 0.714097510013659 0.700046234396511
0.0245950516003724 0.815999867939642 0.577528613108703
0.002923063154003 0.662482541878591 0.749071650383245
