-0.0153749654204676 0.925977708416858 0.377265018194615
-0.00569094805943306 0.999455452162364 0.0325024961058156
0.0165234763793694 0.955878291840182 0.293297913250396
0.139165717178788 0.989267540189879 -0.0445268131442065
-0.0907224138533645 0.819589177615763 0.565723451484677
0.106200281256349 0.994279768265994 0.0113684949748841
0.246643149793943 0.914565814979239 0.320525391710367
0.0386895654029118 0.995817078928853 -0.0827735636694479
0.0801693561942914 0.994371600309806 0.0692675596849455
0.170305646204591 0.96098735560336 0.217943316578641
-0.239548749759229 0.906433982832317 0.347841675558772
0.0956229640087449 0.799829178167555 0.592561840237789
0.0443358424504389 0.820747298361999 0.569568437771695
-0.0608750983348512 0.982710028130138 0.17485772220633
0.0256307199833802 0.954837560270999 -0.296020775772344
-0.314300175565322 0.868524408232218 0.383250247155149
-0.298798650492262 0.672600165395621 0.676999545032186
0.0782564134346725 0.953452733026596 0.291210953846962
-0.112349792374754 0.940117991238945 0.321800694067308
-0.3014936468342 0.61882036183268 0.725370898713124
0.11360855633384 0.975497839376007 0.188406638153977
-0.0823733102481504 0.983639090044067 0.160214788006733
-0.101723917255889 0.868044106766221 0.485954394327853
0.0664204270127879 0.760360881045244 0.64609570301275
0.237558685073299 0.948819713544692 0.208103393377459
-0.156760220762747 0.91063537579563 0.382321128811849
-0.0148634573270136 0.939530394419228 0.342142829237642
0.00604428852785629 0.928191114019071 0.372054730425818
-0.350045457610749 0.927206874498164 0.133250101273612
0.0152710178574539 0.955429635999937 0.294823687424579
