-0.026227221426898 -0.938359280248165 0.344665046136638
0.0775987694362667 -0.805239462692131 0.587850183894898
0.0054971232050946 -0.725387619097873 0.688318664352484
0.143992939243794 -0.771030203216501 0.620305133926727
-0.0896665534620507 -0.682681451130818 0.725193729614478
-0.0817636385994602 -0.828990034595078 0.55325421819
-0.0536430740306986 -0.786390872599365 0.615395658175247
0.0241407199412037 -0.731732304063815 0.681164488820564
-0.146671009950376 -0.740487875765054 0.655869896157077
-0.0873952900538163 -0.766031820274645 0.636833819456162
