-0.026227221426898 -0.938359280248165 0.344665046136638
0.0775987694362667 -0.805239462692131 0.587850183894898
0.0054971232050946 -0.725387619097873 0.688318664352484
0.143992939243794 -0.771030203216501 0.620305133926727
-0.0896665534620507 -0.682681451130818 0.725193729614478
-0.0817636385994602 -0.828990034595078 0.55325421819
-0.0536430740306986 -0.786390872599365 0.615395658175247
0.0241407199412037 -0.731732304063815 0.681164488820564
-0.146671009950376 -0.740487875765054 0.655869896157077
-0.0873952900538163 -0.766031820274645 0.636833819456162
-0.104615004572157 -0.833974550085202 0.541795303254422
0.0978462647791259 -0.786226905751014 0.61014208274955
-0.196769168403719 -0.714780362840221 0.671096809159238
-0.0386653273131401 -0.768425396147604 0.638770227092
-0.0443472688912109 -0.604911451945753 0.795056887931154
-0.170903375549922 -0.871145376451134 0.460323548510669
-0.0640667265917677 -0.809038900447235 0.584252952159375
0.0614511625479115 -0.694565676484456 0.716800024882254
-0.0997054341570439 -0.689863543892493 0.717040526893456
-0.0805984533480874 -0.718211070464282 0.69114162628252
