0.11360855633384 0.975497839376007 0.188406638153977
-0.0823733102481504 0.983639090044067 0.160214788006733
-0.101723917255889 0.868044106766221 0.485954394327853
0.0664204270127879 0.760360881045244 0.64609570301275
0.237558685073299 0.948819713544692 0.208103393377459
-0.156760220762747 0.91063537579563 0.382321128811849
-0.0148634573270136 0.939530394419228 0.342142829237642
0.00604428852785629 0.928191114019071 0.372054730425818
-0.350045457610749 0.927206874498164 0.133250101273612
0.0152710178574539 0.955429635999937 0.294823687424579
0.115744870868794 0.985921675470168 -0.120671349978625
-0.102651714963081 0.991241180462994 -0.0830875897440128
0.0438142963440018 0.98285598349522 0.179093336401788
-0.0615773524263152 0.966875231243275 0.247710550595706
0.396759205881796 0.914937363698643 0.073971298868037
0.335988249112182 0.897315213962208 0.286246927058592
0.193703730711682 0.969916092621208 0.147450459418696
0.00517574320717499 0.981553763605825 0.191116249527597
-0.0602869728153287 0.961211288589283 -0.26914371550771
0.113617777792484 0.984201106260604 0.135790953324957
