0.111180811586254 -0.727104736014253 0.677464043326777
0.00302856540704044 -0.704995513665765 0.709205297147955
-0.0356146459527528 -0.55527241278554 0.830905617138905
-0.0222314822916792 -0.725285222715895 0.688089461411138
0.0211403657412717 -0.723843899327984 0.689639829434165
-0.0421588777487608 -0.164082211761807 0.985545360097808
-0.00638592104081854 -0.774730583321891 0.632259237400438
-0.0116577923134409 -0.702361335620059 0.711725122574989
0.0233864020551612 -0.581769543361906 0.813017388876396
0.00405091048211541 -0.745569017364436 0.666416109101884
-0.106207807480835 -0.823294103988835 0.557590100313245
0.109408265489959 -0.763579556412622 0.636377319262072
-0.219233125620869 -0.705409410552652 0.674043322149448
-0.0399622771951929 -0.750285130448495 0.659905477647564
-0.0621198154087325 -0.604122850779853 0.794466304948931
-0.191225007215482 -0.915616020851864 0.353666932260904
-0.0751877450794221 -0.805871326473051 0.587297376257068
0.0670054872303688 -0.686383757178715 0.724146119621069
-0.123797402835527 -0.673192412559337 0.729030986120424
-0.0775632375841185 -0.737009626281348 0.671416975466139
