0.0323124995325162 0.315574941903358 0.948350335275237
-0.0793994477357498 0.2361782925331 0.968460397659815
0.0162786565287747 0.339168371691017 0.940584829234494
-0.0249216421356872 0.281668156532654 0.959188178278255
0.0643968270332503 0.373316285253803 0.92546636882836
-0.0124316789287923 0.303028998193544 0.952900246412409
-0.0282732474488663 0.223589435747357 0.974273261308589
-0.0414595397496506 0.222580796852022 0.974032286649917
-0.0131266462410866 0.279921269259608 0.959933213392761
0.032372031689125 0.260664974783204 0.964886429838036
0.103887763271072 0.0309769316173747 0.994106514589914
0.0776048072458219 0.0807463314459842 0.993708973417446
0.0522530675446663 -0.169759013722086 0.984099331466228
0.185601350761256 0.136256350599247 0.97313223434278
0.125966989200811 -0.532332333299199 0.837110867541399
0.0700610141813392 0.226880392969009 0.971399372852438
0.0697077889325388 -0.128864846728033 0.989209116132629
0.147930682231241 -0.0331365137089666 0.988442453921226
0.0851502501856762 0.0396219597182945 0.995579999398039
0.200481251246652 0.0322307399910738 0.979167221315238
