0.0578211840576319 -0.642755971178244 0.763885771688991
-0.0670057709744348 -0.716028996522539 0.69484725141217
0.0227612067047335 -0.638143571285415 0.769580866378862
-0.0248385572183636 -0.68779761625729 0.725477418770633
0.07966843120642 -0.613626513126773 0.785566956698782
-0.0159147821087502 -0.673107596934752 0.739373303994102
-0.051296130447148 -0.713392934086877 0.698884274108429
-0.0136791765925256 -0.742440727758033 0.6697720850363
-0.0116122768612977 -0.684478262289416 0.728940781874192
0.0386057634071244 -0.716624341012367 0.696390083861297
0.0164350580395842 -0.323190286839413 0.946191274193487
0.00494045702004411 -0.0112632465142991 0.999924362720697
0.0139401312246003 -0.260849179293508 0.96527891223384
0.138688292702305 0.0634298259441025 0.98830269383829
-0.0391264258250527 -0.572863917675849 0.818716101360683
0.11038656034595 0.00546709028818425 0.993873693292448
0.276624794173031 -0.277378987332481 0.920075877650933
0.0115441612742309 0.0771724215052233 0.996950926424914
0.0834050771696571 -0.054227183539352 0.995039198055892
0.145323436467516 -0.236692067241271 0.960654966217489
