0.0979487115275069 0.978379469647985 0.182152856912616
-0.0797499449926703 0.988717914168062 0.126794449708272
-0.109599841600964 0.879131131054587 0.463806348740211
0.0494897026105776 0.739324864597173 0.671527746205538
0.237608846495631 0.953703406083777 0.18436878610876
-0.179420595869928 0.879396355863065 0.440987867262174
0.0124931456659957 0.956136052863202 0.292656402162237
-0.00954069271633179 0.951041232748188 0.308916734404758
-0.386961055906373 0.918449997993745 0.0819191210714225
0.0561821752620939 0.970295373813536 0.235309266155989
