-0.0425290726201604 -0.938437291364121 0.342821714830378
0.082281175706175 -0.80495845997992 0.587598235047693
0.0229152865052088 -0.722763314484064 0.690715629532439
0.157766187575796 -0.764813258665788 0.624636301720303
-0.0993691069667923 -0.683049039444012 0.723581225775817
-0.0787305026545373 -0.853487209841997 0.515132109839686
-0.0468977594290659 -0.798750735796818 0.599831528201524
0.0300776570827636 -0.73397265516565 0.678512694069534
-0.138198950294595 -0.753858384061061 0.642338374159849
-0.0888037973541992 -0.766200251415353 0.636436218569092
