0.126487254028129 0.84566270030646 0.518512846397088
-0.116468767512267 0.723362430601818 0.680574624995675
0.070065004802588 0.792904051817112 0.60530493118264
-0.0809834084258189 0.717374376470175 0.691965094165714
0.151271782325095 0.831792702214042 0.534076537975271
-0.0225196375067772 0.764392987546037 0.644357219651497
-0.0722814366003559 0.834157512967973 0.546769272620613
-0.0264882402930255 0.658502225181351 0.752112486638394
-0.0920753688416018 0.757510262608505 0.646297399418779
0.0590582564163101 0.708762026984356 0.702971202435841
0.0251675207724651 0.74520495610024 0.666360389955621
0.00657044988463561 0.708812169666515 0.705366668705689
-0.111865906729492 0.766059028137835 0.632960965873967
0.0840025863867082 0.537135260414233 0.839302852074314
0.0799896708791777 0.720451784814936 0.688876533429332
0.0807779481660105 0.24794685419994 0.965400062452061
0.130774697752066 0.775170629791017 0.618068340183555
-0.0265309958823344 0.812338855786601 0.582581916675077
-0.00676371826868795 0.739587865645623 0.673026033006847
-0.0411366728254162 0.743478349848957 0.66749360854972
-0.0907506108397025 0.696699405812105 0.711599792420769
-0.00267023736290789 0.652992840371348 0.757359373254326
-0.182733579975077 0.736380615355652 0.651423079171995
0.0572975622647735 0.640891548369579 0.765490047346768
0.062571630602618 0.750058500090615 0.658404919092762
0.116987640236427 0.74973805947865 0.651311549261258
0.154212797175081 0.824183706570344 0.544921674198601
0.0159981841009961 0.51135767195367 0.859219057888961
0.114524560571431 0.672923885125668 0.730792425968754
0.0702925752006826 0.718766569081556 0.691688927945493
