0.00213036625744537 0.741346423935198 0.6711191706829
-0.158400022022091 0.979680935736446 0.123023157080132
0.0396758447369253 0.941218057123718 0.335461467666056
-0.314814872385582 0.828756570464435 0.462659856738055
-0.85239628381291 0.232394624992127 0.468415748685621
-0.0689510329503377 0.907704569827562 0.413905990496926
-0.099492407318694 0.949855573523872 0.29643827406657
0.0359573378157903 0.990249793540385 0.134582377191168
0.0204144549093659 0.983411164139457 0.180237987884441
0.185094261915829 0.829526517518395 0.526902145506772
0.221305197236486 0.655251664394471 0.722266755419628
-0.711686293903493 0.0223578712422839 0.702141541758799
-0.00244032499093025 0.878409318150077 0.477902829664207
-0.458294500127859 0.875360200838748 0.15398269363829
0.177955444009359 0.579092942148708 0.795602428541407
0.0187837335567963 0.868758625992387 0.494879400579058
-0.239376492211256 0.802418257090161 0.54664781684831
0.0106508431991793 0.789525344890837 0.613625528571091
0.253362155379884 0.19809489626313 0.946871707411178
-0.354554894209692 0.916374415291496 0.185872961968982
0.0321391685918849 0.304650210008199 0.951921910339384
0.0546791092541322 0.664888869963114 0.744938242816374
0.349735792460956 0.821225306749799 0.450859036756951
0.287879765834803 0.415057779559496 0.863048248969917
-0.240080892894566 0.710756556215784 0.661200637222339
0.0168130812388753 0.389272670129215 0.920969113808778
-0.150767789070087 0.641365329228876 0.752276271220921
-0.0345008023060151 0.781483205345816 0.622971664205259
-0.1942994296512 0.482031622663029 0.854337899422743
-0.20983937500942 0.559497257063521 0.801829318517384
