-0.0636980625394256 0.641221208630951 0.764707733994227
0.0778507895887526 0.776150633684823 0.625723140367252
-0.0288744659183778 0.830760006165019 0.555881351886018
-0.0592925674138056 0.742099800167571 0.66766179914739
-0.0708330266523172 0.648492253801192 0.757918517451
-0.136462506493578 0.648360992630315 0.749003342820927
-0.0582080276846446 0.57405894228278 0.816742405105943
-0.0620772673855372 0.787840755411716 0.612742488314823
-0.0382055534623423 0.597636358231466 0.800856490892386
-0.00375537106999459 0.653525634579208 0.756895066793258
0.158563903298443 0.79507946212547 0.585411084176782
-0.152786408165459 0.590502510995027 0.792441226835445
0.0638237598512616 0.694630203332969 0.716530116810205
-0.0825587562069733 0.785624355770479 0.613170794635375
0.250091897543092 0.763434236356038 0.595501645289725
0.101423181350657 0.764620416643722 0.636450278290686
0.0496767998479045 0.756280674018677 0.65235861124287
0.0156947135640812 0.791531209359817 0.610927181074412
-0.0129494607045749 0.525576732473473 0.850647641359199
-0.0360130668712229 0.7524067506404 0.657713570336878
