-0.0718007830570486 -0.749511884097868 0.658085543944295
-0.00100044054166429 -0.727148834836262 0.686479111929117
-0.209743036402859 -0.691998032295568 0.690757976414005
-0.0228614844748279 -0.803991043427005 0.594201779378658
-0.0531244630776471 -0.596769459146869 0.800652236649762
-0.129403793470869 -0.98871781907835 0.0754435714444943
-0.101816470180771 -0.761234169148665 0.640434185627586
0.117585858117348 -0.700973474660143 0.703427148888706
-0.0279858709814833 -0.621170920541993 0.78317525401306
-0.0257387166029842 -0.832178950089459 0.5539094813195
