0.048763180664784 0.342083734922836 0.938403362372864
-0.031543363072872 0.256320631243735 0.966076989812337
0.0202815447412585 0.362324774452899 0.931831216884562
-0.0291201777506138 0.268393657073745 0.962869077336246
0.0719690447328128 0.40439223353654 0.911749624653378
-0.025501962160939 0.309647287229889 0.950509446264009
-0.0412687095091284 0.329444884219502 0.94327247488573
-0.0110873689042394 0.209886402086084 0.977662911473142
-0.0122713278198152 0.281381640810046 0.959517475989148
0.0497293757503214 0.2605678929647 0.964173927433956
0.0882143185640578 0.148810811029544 0.98492313229054
0.0736181609406579 0.0854277017494806 0.993620890558123
0.0492513115723019 -0.146305768382595 0.98801261654211
0.193413501223484 0.153129101587941 0.969093749743204
0.128249140222412 -0.573054466173998 0.809420000265774
0.0711285863975113 0.219908421716804 0.972923948854748
0.0683935914999073 -0.123521268323502 0.989982228584684
0.161598599571407 -0.04672059884699 0.985750007993882
0.0816851344659274 0.0455523053697845 0.995616656290352
0.194851695141808 0.0603120655906042 0.978976645096582
