0.123449704005893 -0.745226508639471 0.655284382082987
-0.0034265084422098 -0.729417128046203 0.68406060575999
-0.00625042999949799 -0.508514713668027 0.861030613920287
0.000510065378039582 -0.746722184566904 0.665135864999732
0.00389236715188696 -0.625144268886104 0.78049951477039
-0.0267362424217391 -0.0458749563326695 0.998589335874684
-0.0722146764437813 -0.7843514825694 0.616098849452994
0.0288022326072371 -0.658427865879188 0.75209253209337
-0.035113873281818 -0.555919627078797 0.830494060262757
-0.0220646392184694 -0.740768750453932 0.671397654186458
-0.0702119753691758 -0.761380257427837 0.644492344495945
0.0415356042336311 -0.738590807002274 0.672873252100778
-0.229946065949514 -0.710760370692542 0.664789065950502
-0.0455557656615339 -0.765910159606871 0.641331661175377
-0.0515239880707976 -0.602175351515061 0.796699519694215
-0.159812146321264 -0.950841899873448 0.265254141029396
-0.0670412262977036 -0.772772831662607 0.631132018377024
0.0643605294806504 -0.669673280350321 0.739861757242399
-0.100903870521628 -0.648996599809873 0.754070170706267
-0.0105235783840546 -0.807743126198258 0.589440664000593
