0.181325234922958 -0.726500118137299 0.662811238231991
-0.00774139641487128 -0.708423465655442 0.705745183540263
-0.0361356935974744 -0.566617669186595 0.823188088236085
0.00554840342468961 -0.732360808422372 0.680894163219488
-0.00724944169848267 -0.68065110022854 0.732571856784533
0.0454325802158734 0.254170360957139 0.966091770105639
-0.0566276180223292 -0.762729821120907 0.644233290702977
0.00771157233962695 -0.668595687393674 0.743586133847742
0.00807771054649772 -0.562066403844528 0.827052663535767
-0.00427110042632237 -0.746746478282889 0.665095072056056
-0.0982133732339218 -0.799711865798599 0.592296433400487
0.0799103472859092 -0.735022451603462 0.673317408088846
-0.220179453243238 -0.693693198297842 0.685792063970428
-0.0519288440531173 -0.757580357352862 0.650673034102703
-0.0506912148316067 -0.610955446140027 0.790040406289916
-0.178500982209873 -0.925250103923679 0.334738173113454
-0.0658939638855091 -0.768442365691603 0.636517333726073
0.0600068223449613 -0.68448030116448 0.726557567292395
-0.116533976611835 -0.644689144937262 0.755510250555936
-0.035776457314655 -0.792985488644702 0.608189164570478
