-0.100720603453251 0.757460481477754 0.645065096745671
0.083150000203063 0.750727607507695 0.655358021841499
-0.0389216832477152 0.757438115981703 0.651745811671432
-0.0252445537157839 0.766585716324825 0.641645581325427
0.0816588089910312 0.51086207480031 0.855775542677453
0.127766885915679 0.63876081701741 0.758722769861733
0.0630135433713676 0.460087013492824 0.885634932332187
0.218333100481509 0.795465420629108 0.565301177972847
-0.0218070171716024 0.596255033467309 0.802498840539334
-0.0688803976352407 0.604183257427438 0.793862760347141
-0.048352762620419 0.764429554039894 0.642891489488967
-0.102444331271232 0.974787589926947 0.198227933235468
0.0259122110860216 0.908674451573873 0.416700490008776
-0.302958547665985 0.83620507196178 0.457140236712447
-0.460672981756644 0.623164315361867 0.632017911090356
-0.0637222996970708 0.895962185494632 0.439535243962301
-0.0953390089425225 0.892653485981321 0.440545374892591
0.0651742415937441 0.972896948466576 0.221864476419963
0.0132460149923538 0.900685991339026 0.434268681915307
0.265765404517158 0.855236412602353 0.4449038416567
