0.00578000785471732 -0.669043919561753 0.743200393707273
-0.0833065107139688 -0.714133964348038 0.695034320186578
0.0133220607318443 -0.638042986708736 0.769885491361964
-0.0260931193993874 -0.683433185735423 0.729546591901806
0.0609168851292207 -0.631275781316057 0.773162351016883
-0.00443390215097502 -0.674401473061255 0.738351537984803
-0.00615527689379649 -0.720345657169881 0.693587951714022
-0.0377580431675447 -0.73132559840858 0.68098252495089
-0.00924973472199662 -0.694825371642368 0.719119006374896
0.0443489758218051 -0.70093212387003 0.711847825079635
0.0173042615876514 -0.243955957246532 0.969631916479049
0.0393386794099256 0.0993913804338426 0.994270497298265
-0.000835070027553585 -0.212386344414024 0.977185419132161
0.144044724451638 0.089529353967559 0.985512867564804
-0.0443555571822649 -0.561837587602987 0.82605757045348
0.0978301387640948 0.0915656980573355 0.990981829746979
0.251053507579684 -0.248945171436703 0.935413511742421
-0.00386553042023095 0.132290518705624 0.991203448508512
0.0831176200699028 -0.0229414790023533 0.996275639456822
0.163551599029017 -0.144808243309294 0.975849090343752
