0.0114573093712734 0.963363625157674 -0.267953831443099
0.0058755726961709 0.975857182857589 -0.2183305665974
0.00425359330632957 0.931579605729544 -0.363512510283722
0.025092944394609 0.989977443285752 -0.138978436913846
0.0629311223190607 0.974250400302038 -0.216508270869688
0.0722331054571419 0.997261995336516 -0.0158395433472164
0.118529696081425 0.932728667773982 -0.340540663444789
-0.0270487275611761 0.942923699574961 -0.3319085161866
-0.0169893966256147 0.94777313094944 -0.318492468753335
-0.0337297672905738 0.96675808792927 -0.253458284973812
-0.217476353088475 0.974365528321921 0.0575834443679841
0.286743625702816 0.955485918458096 0.0694604401590728
-0.0044382117667488 0.982717586261473 0.185057958296147
-0.0712606693939488 0.993083025604261 0.0933167790604357
0.246557018831763 0.961929190884983 -0.117906183841885
-0.0624210757091884 0.929108871654138 0.364500087682955
0.232770760607013 0.957781147203716 0.168739583582414
-0.104823018839423 0.981544356478301 0.159946275314517
0.0456028981631645 0.988165023279659 -0.14645908113132
0.121221775200909 0.989765679106037 0.0752939684231458
