-0.0448288320312906 0.848614689411332 0.527108608100853
-0.00133599071988152 0.944287681917379 0.329118502834314
0.052693968112136 0.889229992385369 0.454415411674068
-0.227596074781431 0.875546000139749 0.426168075274734
-0.288056465319637 0.712401385147176 0.639927917212511
-0.0124617328755211 0.85810064410747 0.513330293082421
-0.0900925043177231 0.882535883476469 0.461534132044608
-0.0129276896443712 0.96869098180134 0.247932766324291
-0.0168605033231748 0.891898197603446 0.451921816843814
0.208706797047888 0.871231189954775 0.444294594290769
-0.0369071356718615 0.505403153632789 0.862093681472339
-0.0382958914997498 0.794685602230714 0.605812032153082
0.051236560807099 0.520179275945122 0.852518818392808
-0.135893045008445 0.69866192639429 0.702427642483802
0.0597503895159791 0.522688136252155 0.850427541401346
-0.0119750364025363 0.786830676040672 0.617052741461001
-0.0756699650900767 0.74744475426457 0.660000299776934
-0.0471052883439243 0.717998045239069 0.694449349371796
0.0124957912546212 0.614057549864678 0.789162328456642
0.106731492970865 0.946618004543604 0.304175511641052
