0.0278446188094943 -0.726557558712782 0.686541179450057
-0.0482565779064649 -0.330569247899156 0.942547226950535
0.105499423883419 -0.468113311011018 0.877348163282154
0.106247024930932 -0.157141144026291 0.981844300562688
-0.098908641840176 -0.509645884438902 0.8546801466302
0.0898943548139031 -0.184843748779978 0.978647941554856
0.111704621950758 -0.651287724614102 0.750564039374272
0.205820608472415 -0.0641419400805706 0.976485375543713
0.0186181480527448 -0.160405882614319 0.986875532874236
0.177840753656692 -0.498391138337579 0.848515727353001
