-0.125325804933384 0.617241477911924 0.776728009384819
0.0128935273778606 0.706151703485153 0.707943167646085
-0.0674243422542234 0.739557492771754 0.669707901220183
-0.00583218943787798 0.719814009264364 0.694142476465115
0.0745892020427343 0.746359384891703 0.661350224557841
0.020949783556569 0.675377352508794 0.737174699977655
0.0488885773641084 0.838262121650471 0.543071378742577
-0.0167539174876136 0.715859048460331 0.698043787298682
0.00784896940606667 0.663472777008092 0.748159252999275
0.0256720609782565 0.623021404840484 0.781783393527721
0.0979487115275069 0.978379469647985 0.182152856912616
-0.0797499449926703 0.988717914168062 0.126794449708272
-0.109599841600964 0.879131131054587 0.463806348740211
0.0494897026105776 0.739324864597173 0.671527746205538
0.237608846495631 0.953703406083777 0.18436878610876
-0.179420595869928 0.879396355863065 0.440987867262174
0.0124931456659957 0.956136052863202 0.292656402162237
-0.00954069271633179 0.951041232748188 0.308916734404758
-0.386961055906373 0.918449997993745 0.0819191210714225
0.0561821752620939 0.970295373813536 0.235309266155989
