-0.0982391966277521 0.658403947699765 0.746226039413862
0.0740144428333149 0.76652689003008 0.637932903300095
-0.0317551579169397 0.824568264587494 0.564870593128053
-0.0367265017346019 0.733538499235686 0.678654871204352
-0.097692325544301 0.639876757250596 0.762242707449673
-0.183798317658537 0.659805262513114 0.728611826685438
-0.0475344178366532 0.569680703837335 0.820490325839573
-0.0559783158016026 0.788691722772615 0.612235081149374
-0.0225634044249614 0.596332262779648 0.80242054133033
-0.000573193296075703 0.670694065852742 0.741733875105731
0.206673815846064 0.819705790484696 0.534198793418224
-0.136592347480494 0.571678189209911 0.809028169219988
0.0411943553372158 0.685052445720398 0.727328104572381
-0.106465843679695 0.787100790502902 0.607566761532655
0.253095844837549 0.767444191370175 0.589043212725642
0.120533300019736 0.753124573243804 0.646741912019539
0.0146380413313446 0.78430285417062 0.620205418136444
0.0346887151986751 0.805703864899654 0.591301932284705
-0.0106764847942683 0.507345700606237 0.861676478005988
-0.0411908811858133 0.764922840690544 0.642803515156105
