-0.239914142208955 0.922920461646807 0.301096373013335
0.0157645268266752 0.862327237148329 0.506105933344058
0.0411569463764859 0.842082162854692 0.537776660675161
-0.0587536004685933 0.985553435483676 0.158847222948025
0.0113782475722282 0.933655128535459 -0.357992508918301
-0.325761286943804 0.850043515038975 0.41389081467085
-0.281297270144345 0.764546017899281 0.579949335997285
-0.0349699348930075 0.993055522251018 0.112329129705241
-0.194965011273742 0.9578520251695 0.21096952921623
-0.329743978699653 0.748815224820648 0.574930141485142
-0.212446249652488 0.973284268457228 0.087088023185002
0.243533499041682 0.956687272184926 0.159502031597971
0.0932035593953033 0.987601531836939 0.126318291745009
-0.0309700567387793 0.99458424763137 0.0992120453833009
0.219084718019349 0.970035232223254 -0.105040632975811
0.0441906462778134 0.963493918257036 0.264058054721405
0.245999337803789 0.955825022288397 0.160881486092972
-0.0834447078597959 0.984516842453199 0.154154363078626
0.0324421670110552 0.991479593179868 -0.126157528937083
0.0792407947156406 0.99266139311885 0.0913468941134681
