-0.249927571641382 0.923136473953509 0.292156224287835
-0.0375231683227246 0.859068176246189 0.510483966839381
0.0315278868298039 0.856781226643646 0.514715379625532
-0.0940783378552588 0.988156444245787 0.121227505302697
0.00255794142901767 0.927016337119473 -0.375012223333108
-0.315809201515923 0.849715966087134 0.422193468938689
-0.266475771660868 0.77894345834009 0.56765989097956
-0.0520808275763772 0.995567231471334 0.0783165054089058
-0.207430979447501 0.961314677733455 0.181235976394519
-0.297671272202077 0.800873990293614 0.519608184478248
-0.202518676843789 0.972659977158643 0.113660698410619
0.243814139893127 0.954232442440348 0.173190966803995
0.0836535274946778 0.988648471411612 0.124804997148272
-0.0332605315587585 0.997002645429204 0.0698531462970504
0.218085084626494 0.970695462879141 -0.10094163763931
0.0539956422515559 0.966156501193504 0.252242117457353
0.25586018756396 0.954319739867676 0.154302943972647
-0.0851207791570974 0.986391821793896 0.140661390771622
0.0370698638041665 0.993822374423268 -0.104608380607087
0.086862513257395 0.992686798592105 0.0838321161105093
