-0.218158137444907 0.679705965785154 0.700290530524753
0.0142640458102267 0.781683356239644 0.623512363610417
-0.0559001996769877 0.823772685790388 0.564157539896228
-0.00582019975226333 0.775020351927721 0.631909470867999
-0.127033036417834 0.562483284909885 0.816991531079393
-0.0613778304713051 0.64541145408033 0.761365100900054
-0.00777796142636336 0.577151080009416 0.816600351555163
-0.0616352907368529 0.805028942748973 0.590024992921701
-0.00627739443764967 0.598224965164213 0.801303616223807
-0.0468968009891141 0.704350420687133 0.708301612969253
0.16830908540988 0.77808105874945 0.60519576814765
-0.226754295179782 0.442465105799426 0.86764458147759
0.0937043670904264 0.735780702486295 0.670705784556058
-0.164232399123585 0.801472625855157 0.575038563126814
0.31062053007522 0.744847398288769 0.59052285269771
0.173298377053995 0.775765511848392 0.606758224614264
-0.00599037482076994 0.891309887917229 0.45335504751848
0.065988598041531 0.816902963993034 0.572987829144659
0.0343804839535341 0.441329592465548 0.896686217769245
-0.114178148531123 0.823469701560446 0.555752643727365
