-0.0156916251260519 0.723264514493559 0.690392797598078
0.0210634411508208 0.727556008409227 0.685724861788253
-0.119593409451771 0.637053299411823 0.761485725489461
-0.0449425729683026 0.74615247893513 0.664256458993023
-0.0456653764687372 0.645639514301361 0.762275731585803
0.0900866485410544 0.629581015342083 0.771694331244873
0.0289791946169041 0.584512266134291 0.810867200605568
0.0857221715408742 0.790375890817328 0.606595137238202
-0.0830274610723246 0.630836611767006 0.771460698909677
-0.00976897852413231 0.718000262019479 0.695974274523531
-0.0399585668557842 0.855187380416808 0.516776409398368
0.0907655013786565 0.874365802653852 0.476703332177327
0.0562313254079905 0.857952361819219 0.510642519666826
-0.122305084633811 0.888961898478718 0.441348172450991
-0.110006145895855 0.782535732160244 0.612810309767689
0.00876933693432975 0.78340435394248 0.621450494370789
-0.108656801591354 0.903414891077152 0.414771303308215
0.0599171726907877 0.961390341311189 0.268586194824489
0.0247593062024737 0.844956958959073 0.534260904673931
0.152545328950873 0.742367608954464 0.652395781554803
