-0.0399585668557842 0.855187380416808 0.516776409398368
0.0907655013786565 0.874365802653852 0.476703332177327
0.0562313254079905 0.857952361819219 0.510642519666826
-0.122305084633811 0.888961898478718 0.441348172450991
-0.110006145895855 0.782535732160244 0.612810309767689
0.00876933693432975 0.78340435394248 0.621450494370789
-0.108656801591354 0.903414891077152 0.414771303308215
0.0599171726907877 0.961390341311189 0.268586194824489
0.0247593062024737 0.844956958959073 0.534260904673931
0.152545328950873 0.742367608954464 0.652395781554803
-0.0183298767126357 0.501385442929556 0.865029856847746
-0.0188030996424357 0.784150654845802 0.62028557451285
0.0616308463444817 0.575510713158102 0.815468612405846
-0.112472816169683 0.623060816189556 0.774044627235449
-0.0968067276533911 0.547254639252205 0.831348794007654
0.0609786553205911 0.82531081120968 0.561376583494283
-0.0157684578040653 0.711184734008352 0.702828307520372
-0.0110158564009421 0.76651916241554 0.642126953613951
0.0983064304483876 0.687640901307768 0.719364884172933
0.109238608101196 0.949203316224494 0.295093190312036
