-0.0399585668557842 0.855187380416808 0.516776409398368
0.0907655013786565 0.874365802653852 0.476703332177327
0.0562313254079905 0.857952361819219 0.510642519666826
-0.122305084633811 0.888961898478718 0.441348172450991
-0.110006145895855 0.782535732160244 0.612810309767689
0.00876933693432975 0.78340435394248 0.621450494370789
-0.108656801591354 0.903414891077152 0.414771303308215
0.0599171726907877 0.961390341311189 0.268586194824489
0.0247593062024737 0.844956958959073 0.534260904673931
0.152545328950873 0.742367608954464 0.652395781554803
0.102417277312068 0.993904132569268 -0.0408078003537746
0.0839286337032356 0.993078204558985 -0.0821685102372657
0.0529835815664118 0.985310247273497 0.162346717559164
0.184833421851805 0.971105004661774 -0.150969122960319
0.120343832698761 0.838288126948873 0.531780385260609
0.0607524282211551 0.973329024408945 -0.22122330959545
0.0674093952288531 0.987768541666376 0.140603277092536
0.142413666627784 0.988709860876103 0.0465956925475591
0.0849767944691365 0.99582886038249 -0.0332238653841033
0.18698669404106 0.981893408561537 -0.0303530966295444
