0.0251675207724651 0.74520495610024 0.666360389955621
0.00657044988463561 0.708812169666515 0.705366668705689
-0.111865906729492 0.766059028137835 0.632960965873967
0.0840025863867082 0.537135260414233 0.839302852074314
0.0799896708791777 0.720451784814936 0.688876533429332
0.0807779481660105 0.24794685419994 0.965400062452061
0.130774697752066 0.775170629791017 0.618068340183555
-0.0265309958823344 0.812338855786601 0.582581916675077
-0.00676371826868795 0.739587865645623 0.673026033006847
-0.0411366728254162 0.743478349848957 0.66749360854972
-0.042225214837919 0.842923855738807 0.536373381757815
0.310229268605317 0.878301706356269 0.363791030005243
-0.174317789479385 0.738607637825503 0.651208158438492
-0.0338729034470404 0.974854644239753 0.220252239526078
0.0725030201148304 0.996780489243273 0.0342340231081561
-0.165846977151806 0.881603270298182 0.441894166027521
-0.509364524449298 0.37285230226837 0.775582969079206
0.326925530596551 0.311009653615255 0.892408366613784
-0.0493924541851931 0.87139432172595 0.488090484985454
-0.215412283356513 -0.221181156673219 0.951144807120257
