-0.00728653984691636 -0.947670861274069 0.319165858182112
0.0545260456340545 -0.73461156270758 0.676293399556613
0.185949813943161 -0.544359302015507 0.817982650796271
0.322368161283706 -0.686714017794116 0.651538660676115
-0.223288203707516 -0.613899505085427 0.757145808771956
-0.0612026797284652 -0.889974708506535 0.451884111485193
-0.104658802181012 -0.783297034650397 0.612774257483073
-0.031833940224246 -0.693079722825695 0.720157689716396
-0.151051084096614 -0.823553367510318 0.546757186377695
-0.121498631539317 -0.796542743281212 0.59224803981112
