-0.105984683301599 -0.83234822513391 0.544025439682639
0.101344822084118 -0.784626476501308 0.611629397110604
-0.207534473660563 -0.7145102457055 0.668135129314646
-0.0388344948079287 -0.760345256533942 0.648357133746014
-0.0487780267740552 -0.608821444802752 0.791806259417238
-0.170540679010559 -0.87742065382531 0.448384737745814
-0.0661439925685448 -0.810729001517427 0.581672982306767
0.0631736057713513 -0.690496058405002 0.720572195453725
-0.107642781488914 -0.681741051690998 0.723631238983353
-0.0814600609646297 -0.726461463783516 0.682362074052442
