-0.0455094219466072 0.871342969273302 0.488559435905266
0.0802160208093178 0.914877448855534 0.395682503506422
0.0619815277444129 0.877662635014714 0.475254236506627
-0.181605851042468 0.882874545056346 0.433072571930723
-0.223548170995328 0.757062033769926 0.613908211599085
-0.04684112482893 0.847063765459014 0.529423163708538
-0.046838365541173 0.896167851021655 0.441236161605847
0.0114927910716295 0.961470449812196 0.2746679629868
-0.0668110750769505 0.859366179231156 0.506977366596091
0.093456630436827 0.827789125937586 0.553200706079523
0.254026049594214 0.794638852284957 0.551379960251372
-0.158222636237829 0.514628009492622 0.84268832270752
0.0555790859541695 0.724911376181409 0.686596287411515
-0.130048356282817 0.794613097628732 0.593023987798983
0.282919754702359 0.750567846142465 0.597163562800191
0.133332193486531 0.779442611349267 0.612120692178517
0.00439417084584058 0.821563118586528 0.570100634485664
0.059930807459467 0.803632513852391 0.592100566624068
0.0194870745448174 0.48462682798675 0.874503911667172
-0.0600716705095034 0.789420317480488 0.610906667790754
-0.078110190421866 0.31302212007065 0.946528367508727
0.083024325308189 0.62541346495432 0.775864008226282
0.0765622403243112 0.752081577247714 0.654607916634922
0.202989164179756 0.655644775172912 0.727272526646006
-0.153780039832364 0.725947728718318 0.670336926118405
-0.106029263752874 0.46882127116346 0.876906158566982
-0.0559993665347455 0.620857027556625 0.781921110011272
-0.00343179037116065 0.692255529480979 0.72164430623255
-0.162654151114056 0.578929998144158 0.798989164115616
-0.0974406363396752 0.616853703996126 0.781022938367356
