-0.109514042984844 0.984638168245792 -0.13599394112491
0.0128878373755693 0.963223841482231 -0.268391011116236
-0.0565598207969358 0.959741502763994 -0.275131304187165
-0.0137498830145727 0.960671126061755 -0.277348027338084
0.0639283008143428 0.95015068515492 -0.305166918021312
0.00894522272287401 0.959700098038194 -0.280883792369582
0.0341843076682053 0.894806943838438 -0.445142635980603
-0.0315585876849628 0.965708171557282 -0.257704836840178
0.0193480288657548 0.975522827603094 -0.219045352847929
0.0151572495773681 0.988629349112226 -0.149607044818038
0.117085451356848 0.988571549179995 -0.0949594083407612
-0.064001437071921 0.994061528643839 -0.0880084843807841
0.0326042629319066 0.982391068765032 0.18396942694199
-0.0354455434062636 0.964637861813566 0.261184626286438
0.400206693424299 0.915320208322781 0.0449835389262582
0.365127327250746 0.897262314880418 0.248198253801594
0.182402437630133 0.970513525828695 0.157584412078543
0.0204066528721183 0.984635532797303 0.173425592319956
-0.0848622124023962 0.947887705933513 -0.307094939467051
0.10413554576162 0.985820381356617 0.131582536116398
