0.0435433847477743 0.726410327927406 0.685880462708412
0.0300710433698578 0.718786265900346 0.694580475037764
-0.110790324842105 0.604260084990854 0.789047054115422
-0.0121043937521021 0.763784802616548 0.645357466017009
0.0470629419758526 0.663868057541618 0.746367390544695
0.100611446897096 0.641391108744183 0.760588444809136
0.0537280980404155 0.516490820331648 0.854605478565461
0.109466135589359 0.790719600541102 0.60231194449326
-0.0716490370493369 0.610469924995268 0.788792042407994
-0.0238486464614013 0.755444408708602 0.654778578920287
-0.0268323209417455 0.511021818873158 0.85914883878665
-0.0442962489246517 0.794221567047675 0.606011505474558
0.0535868853251706 0.554899666976343 0.83018962009332
-0.134254083151329 0.708502141521081 0.692820724731325
-0.176670812060163 0.517648879730779 0.837154144396044
0.0188911458210288 0.809257435991256 0.587150344377338
-0.0407451914591494 0.704863555623047 0.708171728698197
-0.0189138167585111 0.74605425514666 0.665616493119865
0.044883368647453 0.672871926706429 0.738396135871007
0.0937779638321223 0.955690483365105 0.279036545106324
