-0.048352762620419 0.764429554039894 0.642891489488967
-0.102444331271232 0.974787589926947 0.198227933235468
0.0259122110860216 0.908674451573873 0.416700490008776
-0.302958547665985 0.83620507196178 0.457140236712447
-0.460672981756644 0.623164315361867 0.632017911090356
-0.0637222996970708 0.895962185494632 0.439535243962301
-0.0953390089425225 0.892653485981321 0.440545374892591
0.0651742415937441 0.972896948466576 0.221864476419963
0.0132460149923538 0.900685991339026 0.434268681915307
0.265765404517158 0.855236412602353 0.4449038416567
0.0582399000518836 0.995267311775027 -0.077788766245886
0.0885462322926257 0.99480310893017 -0.0502627019732244
0.0584340392567151 0.988677749489643 0.138209155703377
0.202716326393553 0.971233871841544 -0.124943415997743
0.0866863580057019 0.812192170254092 0.576913645109609
0.100549453670927 0.975043022219641 -0.197941688856255
0.0715080140313126 0.980572873173088 0.182656629571373
0.150697356351155 0.987400904939052 0.0482675845088061
0.0777440495891793 0.996035463415858 -0.0432344581489455
0.158311857430524 0.984464884431871 -0.0759358091906562
