-0.0702119753691758 -0.761380257427837 0.644492344495945
0.0415356042336311 -0.738590807002274 0.672873252100778
-0.229946065949514 -0.710760370692542 0.664789065950502
-0.0455557656615339 -0.765910159606871 0.641331661175377
-0.0515239880707976 -0.602175351515061 0.796699519694215
-0.159812146321264 -0.950841899873448 0.265254141029396
-0.0670412262977036 -0.772772831662607 0.631132018377024
0.0643605294806504 -0.669673280350321 0.739861757242399
-0.100903870521628 -0.648996599809873 0.754070170706267
-0.0105235783840546 -0.807743126198258 0.589440664000593
