0.0246569681754463 -0.512956391416472 0.858060472475796
-0.0164519703785555 -0.0992729987892479 0.994924220421864
0.0042872216032838 -0.33969000563979 0.94052768156996
0.0972189482049344 -0.0910066333323167 0.991093471272737
-0.0908258533347393 -0.562297060710623 0.821932284243788
0.0994228131860472 -0.0189591024484552 0.994864642377304
0.266500485599794 -0.490139330569406 0.829904167843522
0.0988163835515745 0.123838751792076 0.987369883020729
0.0765640150956439 -0.0983150623831641 0.992205674293908
0.144661150268824 -0.41079448000777 0.900178341662388
0.0798809731047669 0.106863147078105 0.991059684344187
0.0778417035802857 0.0969860811231372 0.992237052952617
0.052538680867889 -0.169135591339921 0.984191464479731
0.190599447450072 0.138365770652122 0.971867668020483
0.1284468415545 -0.557588357976713 0.820119888762311
0.0856740334693545 0.201228162300693 0.975790544474672
0.0670074954133757 -0.139538720598439 0.987946831065406
0.158553103427678 -0.0385636916740771 0.986597058113351
0.0764417317146378 0.0403565338988587 0.996257000890903
0.207827655707943 0.0609580804772287 0.976264194748262
