0.157784265877335 0.926400788676928 0.341885513264772
-0.0706129963381692 0.968194329211933 0.240028218403587
0.0565113396204956 0.827011514666025 0.55933748587423
0.0382568260127758 0.679605521769692 0.732579517897936
0.262375963155118 0.699237475204741 0.665000606937861
0.145916563553474 0.869659121143824 0.471594496884872
-0.154962835192546 0.536951588597834 0.829258410395306
-0.0201128580829378 0.789034045340313 0.614020152953986
-0.304504304439288 0.912910868544867 0.271791969474084
-0.196744734848366 0.884114935125493 0.423830497719892
0.129569348847432 0.978505862138319 -0.160430862368178
-0.0792227988279312 0.994924363814801 -0.0620423922296836
0.0926051004119453 0.976215063660469 0.196031744521343
-0.0493724199635455 0.960583343332374 0.273572667968388
0.335903924334214 0.93930642136612 0.0697997163120862
0.195228976403872 0.94387035154287 0.266447755199091
0.207468457820011 0.956907491110633 0.203186841272118
-0.03761151546379 0.957782089888055 0.285024283516664
-0.0581054818192452 0.976932903813417 -0.205489304902321
0.1446095691538 0.985566451247408 0.0880161501358864
