-0.0328884634021723 0.709559185051703 0.703877909785359
0.033244822019901 0.735841128342411 0.676337649143261
-0.0514983650879589 0.73052950485955 0.680936532228171
-0.0011085478931402 0.813358195813989 0.581762164826642
0.0533971325905227 0.564735546077584 0.823542657806845
0.13405446736644 0.640740567679396 0.755963573665416
0.116137534404274 0.493648168913438 0.861872124175568
0.176816808562703 0.809183064307673 0.560320073393185
-0.0428625186924597 0.617636347050737 0.78529494286743
-0.101257515454573 0.7329244174799 0.672732274999287
-0.218158137444907 0.679705965785154 0.700290530524753
0.0142640458102267 0.781683356239644 0.623512363610417
-0.0559001996769877 0.823772685790388 0.564157539896228
-0.00582019975226333 0.775020351927721 0.631909470867999
-0.127033036417834 0.562483284909885 0.816991531079393
-0.0613778304713051 0.64541145408033 0.761365100900054
-0.00777796142636336 0.577151080009416 0.816600351555163
-0.0616352907368529 0.805028942748973 0.590024992921701
-0.00627739443764967 0.598224965164213 0.801303616223807
-0.0468968009891141 0.704350420687133 0.708301612969253
0.181325234922958 0.662811238231991 0.726500118137299
-0.00774139641487128 0.705745183540263 0.708423465655442
-0.0361356935974744 0.823188088236084 0.566617669186595
0.00554840342468961 0.680894163219488 0.732360808422372
-0.00724944169848267 0.732571856784533 0.68065110022854
0.0454325802158734 0.966091770105639 -0.254170360957139
-0.0566276180223292 0.644233290702977 0.762729821120907
0.00771157233962695 0.743586133847742 0.668595687393674
0.00807771054649772 0.827052663535767 0.562066403844528
-0.00427110042632237 0.665095072056056 0.746746478282889
