0.14297241772873 0.802719295630683 0.578965128648507
-0.139625451662394 0.608577023176736 0.78111378179457
0.0717245210647954 0.68589317140254 0.724158926273364
-0.0780836461764478 0.79646587382443 0.599620760175028
0.247412327392466 0.761137562494719 0.599547121762619
0.125042571212223 0.763686129682348 0.63336233761997
0.0810103017021814 0.734781021898217 0.673449464233459
0.0196206378389781 0.781956064565392 0.623024673396003
-0.0577633885168812 0.543793756436043 0.837228607614567
-0.0581073104774215 0.74052197574386 0.669515305209291
