0.106915935535986 -0.762064654982525 0.638612906505052
-0.00774780306454313 -0.702238047802679 0.711900060237359
-0.0437366109807019 -0.559810972796202 0.827465276369282
-0.0014733547502314 -0.735462041369885 0.677564325307806
-0.00372168911056699 -0.702779993056483 0.711397519246232
-0.0239441110599999 -0.100593598852961 0.994639435883856
-0.0522660611455201 -0.757273887703264 0.651002701880043
0.000660859919267546 -0.684227195984596 0.729268611376648
0.0233598931886044 -0.591231250044211 0.806163708164401
0.00483473889744856 -0.754677930156916 0.656077622719954
-0.0984808772074666 -0.807463268764868 0.58163956744706
0.0746267391915121 -0.754827198534061 0.651664599430461
-0.227019932388683 -0.693198146613393 0.684060143430382
-0.0447950597879092 -0.752091927398204 0.657534132468462
-0.0521768390499385 -0.607642026086691 0.792495265348644
-0.173525872775221 -0.923319144981231 0.342593823628981
-0.0440847741505952 -0.82372967437789 0.565266270210231
0.0824354895413772 -0.68020442691102 0.728372382559035
-0.127760562743585 -0.668067654615601 0.733050371709784
-0.0633783857022794 -0.763731164545866 0.642415666470852
