0.0669609019257613 -0.733486547396048 0.676397606739049
0.0114684293488988 -0.705818282911158 0.708300096453907
-0.0394894188592708 -0.57244839902155 0.81898926504309
-0.0402961139315273 -0.713449921353873 0.699546590958866
0.0214145711616028 -0.72402708779325 0.689439041745962
-0.0758094827656381 -0.349211969092376 0.933972121085759
-0.0180531188886582 -0.745353195737559 0.666425313521478
0.0068799712717805 -0.704218487034909 0.709949990149703
0.0168733354059383 -0.596617518313597 0.802348320490299
0.00587714545145604 -0.749017713929314 0.662523904007581
-0.0425290726201604 -0.938437291364121 0.342821714830378
0.082281175706175 -0.80495845997992 0.587598235047693
0.0229152865052088 -0.722763314484064 0.690715629532439
0.157766187575796 -0.764813258665788 0.624636301720303
-0.0993691069667923 -0.683049039444012 0.723581225775817
-0.0787305026545373 -0.853487209841997 0.515132109839686
-0.0468977594290659 -0.798750735796818 0.599831528201524
0.0300776570827636 -0.73397265516565 0.678512694069534
-0.138198950294595 -0.753858384061061 0.642338374159849
-0.0888037973541992 -0.766200251415353 0.636436218569092
