-0.0448288320312906 0.848614689411332 0.527108608100853
-0.00133599071988152 0.944287681917379 0.329118502834314
0.052693968112136 0.889229992385369 0.454415411674068
-0.227596074781431 0.875546000139749 0.426168075274734
-0.288056465319637 0.712401385147176 0.639927917212511
-0.0124617328755211 0.85810064410747 0.513330293082421
-0.0900925043177231 0.882535883476469 0.461534132044608
-0.0129276896443712 0.96869098180134 0.247932766324291
-0.0168605033231748 0.891898197603446 0.451921816843814
0.208706797047888 0.871231189954775 0.444294594290769
0.0690286851250021 0.996326556828676 -0.0506797078506692
0.0731130552542705 0.996172076214282 -0.0479132103110593
0.0561439648632281 0.983885003503322 0.169759109006573
0.19688405143128 0.969268902143409 -0.147493951163144
0.0945505064569395 0.822438089087467 0.560941878760083
0.117680948996799 0.974154503924594 -0.192806111746075
0.0754689138975902 0.984173187962376 0.16033583233667
0.153033122986575 0.987581771574718 0.0355402268185952
0.0767166178032656 0.995503828391525 -0.0555579716210557
0.191623106239952 0.980193039016295 -0.0500219093893166
