0.0879878939359727 0.972966899097012 0.213526447500669
-0.144936204674291 0.988362299935645 0.0461893996554949
-0.0982650788296423 0.889989154518376 0.445267648861076
0.0673131361942733 0.768208850352558 0.636650692244729
0.252874449681186 0.957998642705989 0.135252036110072
-0.160084402683688 0.856561492287956 0.490586785336536
0.044706820233048 0.960658119189202 0.274111798834918
-0.00366611335865998 0.96625195309789 0.257572752338741
-0.328114820699324 0.918624543784454 0.220158152232105
0.0742629592548147 0.975977954814548 0.204821982703834
0.118295285627531 0.985889847763025 -0.118437466521787
-0.0478629352574891 0.994807891427243 -0.0898131314598275
0.0355652792822755 0.980446678867266 0.193544363926524
-0.0246564807063176 0.964588221569441 0.26260544695166
0.431214988515306 0.901471501788797 0.0374535064098885
0.359320192631987 0.908844854482208 0.211872673198141
0.187347449787272 0.970105903833688 0.154257798523216
0.0220661298493672 0.98611982442251 0.164562382683249
-0.0917429742429202 0.947498247799928 -0.30631731438678
0.0997354812689625 0.987176672474687 0.124639685084056
