-0.0183298767126357 0.501385442929556 0.865029856847746
-0.0188030996424357 0.784150654845802 0.62028557451285
0.0616308463444817 0.575510713158102 0.815468612405846
-0.112472816169683 0.623060816189556 0.774044627235449
-0.0968067276533911 0.547254639252205 0.831348794007654
0.0609786553205911 0.82531081120968 0.561376583494283
-0.0157684578040653 0.711184734008352 0.702828307520372
-0.0110158564009421 0.76651916241554 0.642126953613951
0.0983064304483876 0.687640901307768 0.719364884172933
0.109238608101196 0.949203316224494 0.295093190312036
0.180960279352518 0.800321248609932 0.571611123334822
0.0163779822824356 0.668206199810579 0.7437958296677
0.232749228407742 0.57955477696295 0.780989153045691
0.125493263971156 0.622865390949002 0.772198255278923
0.0737184572272824 0.73842065500408 0.670298832855447
0.158167826485632 0.881230275501644 0.445439266571895
-0.199475435494769 0.578315063497068 0.791050717695493
0.136306197224167 0.858146157277601 0.494980598961185
0.000491814063296013 0.648892586900967 0.760879864882688
0.04754023430174 0.676029899547558 0.735339038158763
-0.0708295604100418 0.345584152789152 0.935710834987564
0.0853059801614405 0.593048800449373 0.800634754450652
0.0324604413061956 0.700983023492331 0.712438853885551
0.158828049384078 0.631154307159966 0.759221898579244
-0.111568963787139 0.719663285256819 0.685300753080592
-0.0962437956231772 0.52885435088738 0.843237930451146
-0.0455325353861107 0.609965511019127 0.791118741775524
0.0380631761502323 0.682096019093963 0.730271329957245
-0.142643546656939 0.628309557988851 0.764774422909778
-0.0953922997049141 0.62881934944224 0.771677740332094
