0.0449409073913604 -0.654048022103547 0.755116878122373
-0.00178581441299663 -0.718290485590279 0.695741036002164
0.024956244143984 -0.622111132028559 0.782531101800031
-0.0484791464489163 -0.712223035326203 0.70027717391781
0.129736766499754 -0.575811634252295 0.807223223946072
-0.0422931769202695 -0.645151268228324 0.762883430341344
-0.0380989091715669 -0.616238861803219 0.786637234259484
-0.0152464556906071 -0.749528878671197 0.661796045339326
-0.0337935697732655 -0.692311237149225 0.720807287393024
0.0428409161652942 -0.720514003263113 0.692115761273995
0.0246569681754463 -0.512956391416472 0.858060472475796
-0.0164519703785555 -0.0992729987892479 0.994924220421864
0.0042872216032838 -0.33969000563979 0.94052768156996
0.0972189482049344 -0.0910066333323167 0.991093471272737
-0.0908258533347393 -0.562297060710623 0.821932284243788
0.0994228131860472 -0.0189591024484552 0.994864642377304
0.266500485599794 -0.490139330569406 0.829904167843522
0.0988163835515745 0.123838751792076 0.987369883020729
0.0765640150956439 -0.0983150623831641 0.992205674293908
0.144661150268824 -0.41079448000777 0.900178341662388
