0.0582399000518836 0.995267311775027 -0.077788766245886
0.0885462322926257 0.99480310893017 -0.0502627019732244
0.0584340392567151 0.988677749489643 0.138209155703377
0.202716326393553 0.971233871841544 -0.124943415997743
0.0866863580057019 0.812192170254092 0.576913645109609
0.100549453670927 0.975043022219641 -0.197941688856255
0.0715080140313126 0.980572873173088 0.182656629571373
0.150697356351155 0.987400904939052 0.0482675845088061
0.0777440495891793 0.996035463415858 -0.0432344581489455
0.158311857430524 0.984464884431871 -0.0759358091906562
-0.225636747126754 0.963581803212956 0.143520614766399
0.260422850159384 0.964544099963348 0.0428324449542504
0.0173904126683863 0.990648711606378 0.135324438812237
-0.0899166500693156 0.984999948153937 0.147275585814668
0.266737317663625 0.962350754296263 -0.052270728625385
0.0396758507410357 0.959555514576672 0.278709600325272
0.248880466262261 0.956303370359084 0.153435254595992
-0.0680643935709933 0.992909352971342 0.0974589919394001
0.0522051850081072 0.988900429594696 -0.139106286722402
0.114981574775355 0.993262997773151 0.0144171674358383
0.129569348847432 0.978505862138319 -0.160430862368178
-0.0792227988279312 0.994924363814801 -0.0620423922296836
0.0926051004119453 0.976215063660469 0.196031744521343
-0.0493724199635455 0.960583343332374 0.273572667968388
0.335903924334214 0.93930642136612 0.0697997163120862
0.195228976403872 0.94387035154287 0.266447755199091
0.207468457820011 0.956907491110633 0.203186841272118
-0.03761151546379 0.957782089888055 0.285024283516664
-0.0581054818192452 0.976932903813417 -0.205489304902321
0.1446095691538 0.985566451247408 0.0880161501358864
