0.102417277312068 0.993904132569268 -0.0408078003537746
0.0839286337032356 0.993078204558985 -0.0821685102372657
0.0529835815664118 0.985310247273497 0.162346717559164
0.184833421851805 0.971105004661774 -0.150969122960319
0.120343832698761 0.838288126948873 0.531780385260609
0.0607524282211551 0.973329024408945 -0.22122330959545
0.0674093952288531 0.987768541666376 0.140603277092536
0.142413666627784 0.988709860876103 0.0465956925475591
0.0849767944691365 0.99582886038249 -0.0332238653841033
0.18698669404106 0.981893408561537 -0.0303530966295444
-0.226476607382063 0.972107445339581 0.0609545816494915
0.279976996241002 0.956096860359726 0.0865544636985281
0.0506407707368434 0.988687820402297 0.141180402773665
-0.0415469691985287 0.993857305095813 0.102574394748902
0.230559385297961 0.965972644217187 -0.117214420934811
-0.0011799692024986 0.954737414570346 0.297447603608119
0.236695537573171 0.956938034364027 0.168061955482079
-0.0857615861195444 0.981623771889384 0.170469119807425
0.0551666337643176 0.985090887948117 -0.162949639461716
0.0814338679898816 0.992348945770421 0.0928013737642944
0.111903900500383 0.988167701248147 -0.104890949384366
-0.0970539935709915 0.992297429560527 -0.076982683893805
0.0292889427920724 0.984144982849554 0.174930873667782
-0.0375619792217154 0.963462134636258 0.265197686338123
0.390928532015467 0.918401589698435 0.0609376968355317
0.383560612210938 0.884710278012545 0.264894282194494
0.164789605232501 0.967265790250947 0.192979991236208
0.0136093733968358 0.984518506030786 0.174751527142555
-0.0606175403653494 0.949961282509303 -0.306429560475707
0.112922796078176 0.983526716553101 0.141151124516111
