0.0578211840576319 0.763885771688991 0.642755971178244
-0.0670057709744348 0.69484725141217 0.716028996522539
0.0227612067047335 0.769580866378862 0.638143571285415
-0.0248385572183636 0.725477418770633 0.68779761625729
0.07966843120642 0.785566956698782 0.613626513126773
-0.0159147821087502 0.739373303994102 0.673107596934752
-0.051296130447148 0.698884274108429 0.713392934086877
-0.0136791765925256 0.6697720850363 0.742440727758033
-0.0116122768612977 0.728940781874192 0.684478262289416
0.0386057634071244 0.696390083861297 0.716624341012367
0.027120536249789 0.737123980277517 0.675213088005079
-0.00702761026867909 0.657027183691706 0.753834128030866
0.00697883481952393 0.788022098034345 0.615607398326329
0.0133466096343312 0.669703660273941 0.742508501922338
0.058492102242095 0.676439441364466 0.73417188460321
-0.0570240354492579 0.598697526239739 0.798942758560023
0.0877714169139258 0.714549936601476 0.694056601780971
-0.0194358018250634 0.738928069993014 0.673503939842832
-0.0252081334319899 0.74671756198469 0.664663397993687
-0.0220601107017348 0.691766029034956 0.721784671899477
-0.12835690367521 0.631328586856674 0.764819403974865
0.0112277708593343 0.687582606181856 0.726019350181314
-0.0792232129940324 0.746478767349856 0.660676268999229
0.0300210692850127 0.73049008960548 0.682263119615271
0.0746454406532267 0.744064030605178 0.663925279341932
0.0357741932756922 0.688841446298522 0.724028776332014
0.0377383453442538 0.809512721257906 0.585888190196984
-0.0185718462129884 0.705403045534202 0.708563074030332
0.0205174871211157 0.669829925641851 0.742231031038765
0.0427433941035413 0.648756165214331 0.759794998902273
