0.117085451356848 0.988571549179995 -0.0949594083407612
-0.064001437071921 0.994061528643839 -0.0880084843807841
0.0326042629319066 0.982391068765032 0.18396942694199
-0.0354455434062636 0.964637861813566 0.261184626286438
0.400206693424299 0.915320208322781 0.0449835389262582
0.365127327250746 0.897262314880418 0.248198253801594
0.182402437630133 0.970513525828695 0.157584412078543
0.0204066528721183 0.984635532797303 0.173425592319956
-0.0848622124023962 0.947887705933513 -0.307094939467051
0.10413554576162 0.985820381356617 0.131582536116398
