0.0181934832286086 -0.221988758285848 0.974879473762125
0.0417756420803607 0.112522084331321 0.992770656429021
-0.00606337251444884 -0.195264447853009 0.980731885337889
0.143518223070251 0.0938314333747757 0.985189414152219
-0.0177465931767714 -0.56360201308281 0.825855816277649
0.101978801156288 0.117509709894164 0.987821741102774
0.236209308694249 -0.254178661275603 0.937869058364934
-0.0264277822166484 0.125099868331744 0.991792112930169
0.0884491562966824 -0.0052575348610265 0.996066817576808
0.173491107127366 -0.113420206949872 0.978282521771277
