-0.048352762620419 0.764429554039894 0.642891489488967
-0.102444331271232 0.974787589926947 0.198227933235468
0.0259122110860216 0.908674451573873 0.416700490008776
-0.302958547665985 0.83620507196178 0.457140236712447
-0.460672981756644 0.623164315361867 0.632017911090356
-0.0637222996970708 0.895962185494632 0.439535243962301
-0.0953390089425225 0.892653485981321 0.440545374892591
0.0651742415937441 0.972896948466576 0.221864476419963
0.0132460149923538 0.900685991339026 0.434268681915307
0.265765404517158 0.855236412602353 0.4449038416567
