0.206673815846064 0.819705790484696 0.534198793418224
-0.136592347480494 0.571678189209911 0.809028169219988
0.0411943553372158 0.685052445720398 0.727328104572381
-0.106465843679695 0.787100790502902 0.607566761532655
0.253095844837549 0.767444191370175 0.589043212725642
0.120533300019736 0.753124573243804 0.646741912019539
0.0146380413313446 0.78430285417062 0.620205418136444
0.0346887151986751 0.805703864899654 0.591301932284705
-0.0106764847942683 0.507345700606237 0.861676478005988
-0.0411908811858133 0.764922840690544 0.642803515156105
0.180096191983565 0.779360251015117 0.600135785277526
0.0161109875482848 0.655557498860061 0.754973378185324
0.259738557060364 0.581507661656508 0.770963501996677
0.142665548684709 0.646635380937388 0.749339192447886
0.100801388025136 0.75417417514748 0.64889166562133
-0.00510044587637962 0.859715431146539 0.510747846691871
-0.198218171138269 0.582540645184189 0.788261348373107
0.125252616266045 0.85582563301584 0.501870768217824
-0.0126997922830552 0.639631235447581 0.768576995437522
0.0464418834180065 0.698722161676259 0.713884088803669
