-0.0862916341829763 -0.943356804301901 0.320361816774933
0.0813364104881798 -0.777541386566268 0.623549340874885
0.0683260789598391 -0.690420893732238 0.720173962617333
0.188686573473123 -0.747897575744029 0.636432709080211
-0.128137695969287 -0.688023981970153 0.714285468916747
-0.0912219749689632 -0.854634055061545 0.511154754660291
-0.0464293958833455 -0.787085707778698 0.615093813827137
-0.0105398329922195 -0.708325707868391 0.705807058262553
-0.158555023794057 -0.779007488703165 0.606636330080926
-0.102363850489029 -0.771172912622122 0.628342248262022
