-0.0369071356718615 0.505403153632789 0.862093681472339
-0.0382958914997498 0.794685602230714 0.605812032153082
0.051236560807099 0.520179275945122 0.852518818392808
-0.135893045008445 0.69866192639429 0.702427642483802
0.0597503895159791 0.522688136252155 0.850427541401346
-0.0119750364025363 0.786830676040672 0.617052741461001
-0.0756699650900767 0.74744475426457 0.660000299776934
-0.0471052883439243 0.717998045239069 0.694449349371796
0.0124957912546212 0.614057549864678 0.789162328456642
0.106731492970865 0.946618004543604 0.304175511641052
0.198795161042032 0.76444964759646 0.613267657907965
0.034423748964362 0.655274454339629 0.754606119109261
0.264129227466951 0.601134934087344 0.754236396773264
0.197611987461371 0.630692297855283 0.750451016281269
0.0700462402081749 0.756887625966396 0.649780459764412
0.0986762399870938 0.871143795160153 0.481010901972061
-0.200570136888838 0.577210878915603 0.791580205317105
0.143398986080535 0.862343310548083 0.485593189350971
-0.0484121138275764 0.649069132714279 0.759187413088679
0.0721492144660749 0.694734138056695 0.715638853242715
-0.0665016188542578 0.325057815903389 0.943353036254128
0.0603970897529186 0.649227424585226 0.758192549894691
0.129435632642188 0.77405694439037 0.619743708191991
0.249898279670126 0.662363931139172 0.706275351788361
-0.184973370897189 0.722819120092162 0.665820825513984
-0.0727238526673716 0.44386271764462 0.893138919283191
-0.105858294757346 0.613142232458977 0.782847765664748
-0.0101694461895887 0.694656699176985 0.719269527126468
-0.1491103506722 0.537348715020495 0.830073768883366
-0.0993602850869326 0.598899301161711 0.794636496025357
