0.0148632785499613 0.966337819255154 -0.256846845470098
0.0302348960974561 0.969926336604446 -0.24151346260417
-0.00331247598641906 0.931725423207214 -0.363148403895954
0.0518874085257263 0.995463825312174 -0.0797462809875063
0.0692202594754147 0.973393504192232 -0.218434524914272
0.153220748854884 0.984006833712864 0.0908512703638891
0.138687480183777 0.912078822932098 -0.385847124647929
-0.0495741163325989 0.938260022845892 -0.342360243777031
0.00710820217997278 0.951384514288374 -0.307923658451316
-0.0318666873624943 0.964020050787749 -0.263912591430812
-0.195474538561551 0.978614278060968 0.0640609049995257
0.292740164878729 0.953745173562878 0.06836182979039
-0.00354106816902553 0.982714073114077 0.185095951710897
-0.0711488352806873 0.992850702611832 0.095840104139094
0.256612544933812 0.960071758075603 -0.111410148228129
-0.0964048421175027 0.890277859738094 0.445097111736819
0.23684143624577 0.957025675115761 0.167355882018715
-0.107239787562936 0.982715121876743 0.150899361159132
0.0360873615508668 0.98767266382544 -0.152316812822015
0.104112676549172 0.989645429413352 0.0988052358077686
