-0.0982133732339218 -0.799711865798599 0.592296433400487
0.0799103472859092 -0.735022451603462 0.673317408088846
-0.220179453243238 -0.693693198297842 0.685792063970428
-0.0519288440531173 -0.757580357352862 0.650673034102703
-0.0506912148316067 -0.610955446140027 0.790040406289916
-0.178500982209873 -0.925250103923679 0.334738173113454
-0.0658939638855091 -0.768442365691603 0.636517333726073
0.0600068223449613 -0.68448030116448 0.726557567292395
-0.116533976611835 -0.644689144937262 0.755510250555936
-0.035776457314655 -0.792985488644702 0.608189164570478
