-0.0287596038598487 0.851257912270722 0.523958826609798
0.0868361691796404 0.885481207649122 0.456489332430078
0.0685702166344764 0.841468113226203 0.535937999972231
-0.108500986834382 0.896127483456014 0.430329024411271
-0.0798279974562947 0.765866807073299 0.638024705356672
-0.00365977573321089 0.778104617569447 0.628124040424092
-0.114240783735469 0.899534925769585 0.421646724939508
0.0735839136836314 0.959518311624347 0.271863968382281
0.0348664810104406 0.843318639236183 0.53628164355941
0.163871617656358 0.748488133374507 0.642581984749211
0.103887763271072 0.994106514589914 -0.0309769316173748
0.0776048072458219 0.993708973417446 -0.0807463314459843
0.0522530675446663 0.984099331466228 0.169759013722086
0.185601350761256 0.97313223434278 -0.136256350599247
0.125966989200811 0.837110867541399 0.532332333299199
0.0700610141813392 0.971399372852438 -0.226880392969009
0.0697077889325388 0.989209116132629 0.128864846728033
0.147930682231241 0.988442453921226 0.0331365137089666
0.0851502501856762 0.995579999398038 -0.0396219597182944
0.200481251246652 0.979167221315238 -0.0322307399910738
