-0.0216662689683428 0.717629614043857 0.696087860716056
0.0174459399791056 0.73541042047124 0.677397337343866
-0.125404083263068 0.654189188228836 0.7458621333098
-0.0450106910701833 0.745382475097954 0.665115782030643
-0.0406992138682032 0.684449338701539 0.727923537702646
0.075444602653467 0.651902122911669 0.754540743812896
-0.0214268582195896 0.61434091379945 0.788749726706066
0.0609931382785328 0.778605571303542 0.624542393611532
-0.0997978133504883 0.621269717649595 0.777215757934728
-0.00953635950545835 0.742221123787537 0.670087204213711
-0.0795677553323846 0.628798759366608 0.77348632342814
0.0246962230906316 0.801170095548477 0.597926897341056
0.0280681434925954 0.811452660458772 0.583743744424949
-0.0522914922661971 0.773746123407736 0.631333934101498
-0.0402684021943663 0.674330940548452 0.737330481130241
-0.0695485996682054 0.666626216724103 0.742140471514861
-0.0364675774015531 0.578428855932523 0.81491728072428
-0.0557284278682851 0.767698011545458 0.638383979589463
-0.0533343414823157 0.63845398957747 0.767809840527757
-0.01760905594708 0.674826202037801 0.737766574325436
0.0471104533302751 0.675942059581079 0.735447440186112
0.00958420610037142 0.709119307582848 0.705023368837266
-0.0234296738128587 0.821878834304222 0.569180315987611
-0.0431143055463745 0.706468525262331 0.706430024468751
0.0188872023820691 0.689733065334024 0.72381736105948
-0.044246530497988 0.970091867837673 0.238671348289034
-0.0252700273859639 0.678281815201186 0.73436721392182
-0.0144143733098283 0.709422768137657 0.704635765406489
0.00407745607853225 0.806817067566557 0.590787266141738
0.00670561541033714 0.660371830811187 0.750908835873603
