-0.0665016188542578 -0.943353036254128 0.325057815903389
0.0603970897529186 -0.758192549894691 0.649227424585226
0.129435632642188 -0.619743708191992 0.77405694439037
0.249898279670126 -0.706275351788361 0.662363931139172
-0.184973370897189 -0.665820825513984 0.722819120092162
-0.0727238526673716 -0.893138919283191 0.44386271764462
-0.105858294757346 -0.782847765664748 0.613142232458977
-0.0101694461895887 -0.719269527126468 0.694656699176985
-0.1491103506722 -0.830073768883366 0.537348715020495
-0.0993602850869326 -0.794636496025357 0.598899301161711
