-0.0369071356718615 0.505403153632789 0.862093681472339
-0.0382958914997498 0.794685602230714 0.605812032153082
0.051236560807099 0.520179275945122 0.852518818392808
-0.135893045008445 0.69866192639429 0.702427642483802
0.0597503895159791 0.522688136252155 0.850427541401346
-0.0119750364025363 0.786830676040672 0.617052741461001
-0.0756699650900767 0.74744475426457 0.660000299776934
-0.0471052883439243 0.717998045239069 0.694449349371796
0.0124957912546212 0.614057549864678 0.789162328456642
0.106731492970865 0.946618004543604 0.304175511641052
