-0.239548749759229 0.906433982832317 0.347841675558772
0.0956229640087449 0.799829178167555 0.592561840237789
0.0443358424504389 0.820747298361999 0.569568437771695
-0.0608750983348512 0.982710028130138 0.17485772220633
0.0256307199833802 0.954837560270999 -0.296020775772344
-0.314300175565322 0.868524408232218 0.383250247155149
-0.298798650492262 0.672600165395621 0.676999545032186
0.0782564134346725 0.953452733026596 0.291210953846962
-0.112349792374754 0.940117991238945 0.321800694067308
-0.3014936468342 0.61882036183268 0.725370898713124
-0.237596586283509 0.969770599293366 0.0556133700885804
0.275289906582498 0.958948331824296 0.0680702888579071
0.0382334897183143 0.985783073062214 0.163615198340424
-0.0191845238939997 0.993978005421669 0.107887343006126
0.226972109193079 0.96649226208454 -0.119901496984625
-0.0256948448912139 0.943145683518294 0.331384964364448
0.239549970888953 0.955318047352721 0.173156691609901
-0.0841000644592402 0.979405398071844 0.183554475253764
0.0477500498107565 0.986715702183563 -0.155280571249172
0.10806493904519 0.991784335886779 0.0684529038009298
