0.00611589395243104 0.726625138573874 0.687006916874686
0.019928337982584 0.721791107232733 0.691824008592501
-0.0588230828716106 0.724058503895709 0.687225674620635
-0.00337425630015294 0.790069395419414 0.61300812785478
0.0334422532230973 0.634023514245612 0.772590317751269
0.108217254406539 0.641952216966093 0.759069415126857
0.0768209636257417 0.522839192694882 0.848962730707171
0.138834823732056 0.782263891795054 0.607279256448748
-0.0666783079462943 0.606730765040352 0.792105915899489
-0.0497674557583059 0.767492134354828 0.639123637530967
-0.0212437437671754 0.518116977642882 0.855045905685162
-0.0143527953292732 0.79843312464655 0.60191240453523
0.0490882593020621 0.542803130610589 0.838424179158758
-0.14137756549977 0.730449195833957 0.668173896735635
0.0597503895159791 0.522688136252155 0.850427541401346
-0.00958375256494738 0.784346997985096 0.620248287735276
-0.0633938360998044 0.709189969177389 0.702161526404519
-0.00221837500470509 0.735195684571339 0.677851299475053
0.0669712521962067 0.669064324244955 0.740180911265559
0.11135752036736 0.953584882230683 0.279777366916497
