-0.217476353088475 0.974365528321921 0.0575834443679841
0.286743625702816 0.955485918458096 0.0694604401590728
-0.0044382117667488 0.982717586261473 0.185057958296147
-0.0712606693939488 0.993083025604261 0.0933167790604357
0.246557018831763 0.961929190884983 -0.117906183841885
-0.0624210757091884 0.929108871654138 0.364500087682955
0.232770760607013 0.957781147203716 0.168739583582414
-0.104823018839423 0.981544356478301 0.159946275314517
0.0456028981631645 0.988165023279659 -0.14645908113132
0.121221775200909 0.989765679106037 0.0752939684231458
