0.130180848290688 0.801427366454507 0.58375262143832
-0.136842517655056 0.636229864453597 0.759266544066828
0.0610376199649419 0.676568242618627 0.733845911638784
-0.0539455141222614 0.794324094101774 0.605094302597108
0.223893926174224 0.774901264417025 0.591100279332692
0.144557922335759 0.759067653398803 0.634759249364358
0.0883756952639027 0.722430771891689 0.685772204387579
0.0401923071276558 0.765887746042048 0.641716868182836
-0.0652490189683103 0.544389234153642 0.836291173731544
-0.0695197394453556 0.725308738027047 0.684904548363538
