0.0164350580395842 -0.323190286839413 0.946191274193487
0.00494045702004411 -0.0112632465142991 0.999924362720697
0.0139401312246003 -0.260849179293508 0.96527891223384
0.138688292702305 0.0634298259441025 0.98830269383829
-0.0391264258250527 -0.572863917675849 0.818716101360683
0.11038656034595 0.00546709028818425 0.993873693292448
0.276624794173031 -0.277378987332481 0.920075877650933
0.0115441612742309 0.0771724215052233 0.996950926424914
0.0834050771696571 -0.054227183539352 0.995039198055892
0.145323436467516 -0.236692067241271 0.960654966217489
