-0.230729499025589 0.603194983273176 0.763491788058964
0.00164361287311576 0.695884022097918 0.718152300229936
-0.102549071137491 0.754256419240887 0.648522121475245
0.0157217922736403 0.709147811429375 0.704884534369021
0.0552379187542554 0.742026125825192 0.668091311816397
0.0104830708679398 0.6470957293489 0.762336685647223
0.0581998196429709 0.797241080655902 0.60084893301739
-0.00929388474458558 0.676614011954052 0.73627922864481
0.0368217930087193 0.661048724468796 0.749438949773629
0.0392441427808852 0.689851873827751 0.722886083303402
0.139842018365334 0.972832143592757 0.184504282585068
-0.0953077213038919 0.974794044897946 0.201725080967539
-0.096397679765054 0.853710383816082 0.511748051193663
0.0714425328388611 0.783009040014644 0.617893848291852
0.242621496349488 0.938910993335346 0.244092105778062
0.0409461632125876 0.920087457580268 0.389567044450177
-0.0255073192733457 0.907584917121547 0.419093062310702
-0.000411352367250349 0.913420303672711 0.407017419317261
-0.400595145719508 0.909538532217415 0.110739277755262
-0.00978574563766195 0.947921592898439 0.318353408807257
