-0.0156916251260519 0.723264514493559 0.690392797598078
0.0210634411508208 0.727556008409227 0.685724861788253
-0.119593409451771 0.637053299411823 0.761485725489461
-0.0449425729683026 0.74615247893513 0.664256458993023
-0.0456653764687372 0.645639514301361 0.762275731585803
0.0900866485410544 0.629581015342083 0.771694331244873
0.0289791946169041 0.584512266134291 0.810867200605568
0.0857221715408742 0.790375890817328 0.606595137238202
-0.0830274610723246 0.630836611767006 0.771460698909677
-0.00976897852413231 0.718000262019479 0.695974274523531
-0.108225644008189 0.62977656636145 0.769200030187854
0.0329675672393506 0.777877092259846 0.627551088635567
-0.0139315525568504 0.837188913600785 0.546736348514797
-0.0494525426844176 0.749430549315093 0.660233517609735
-0.0694883685306465 0.666975271347903 0.741832429898653
-0.0848368019532725 0.638514236905095 0.764919790764918
-0.0555171862361254 0.573901790539813 0.81704013172403
-0.0718867046796317 0.783672482042218 0.617000601766395
-0.0493402952652065 0.641035103832988 0.765923972021357
-0.0161473384340693 0.661354292990955 0.749899835047274
0.086352554985133 0.67142844211292 0.736021116116485
0.00822656964202331 0.70284410457092 0.711296343461588
-0.042132868008032 0.822757066705044 0.566829454616051
-0.0303887441441908 0.698187920833846 0.715269285955332
0.0238313510839275 0.683459700505893 0.729599139589617
-0.0475715575560099 0.970049826831541 0.238202183818269
-0.0337832693742804 0.64942107862244 0.759678190651312
0.00079421868219311 0.713890376704173 0.70025702371762
0.0174629440559864 0.818610338898699 0.574083755764832
0.00216934088370268 0.673603668465887 0.73908956953094
