0.00611589395243104 0.726625138573874 0.687006916874686
0.019928337982584 0.721791107232733 0.691824008592501
-0.0588230828716106 0.724058503895709 0.687225674620635
-0.00337425630015294 0.790069395419414 0.61300812785478
0.0334422532230973 0.634023514245612 0.772590317751269
0.108217254406539 0.641952216966093 0.759069415126857
0.0768209636257417 0.522839192694882 0.848962730707171
0.138834823732056 0.782263891795054 0.607279256448748
-0.0666783079462943 0.606730765040352 0.792105915899489
-0.0497674557583059 0.767492134354828 0.639123637530967
-0.167072452297287 0.643287605305993 0.747173241318941
0.0561219577968561 0.781193592471386 0.621761125300302
-0.0761320101137575 0.829866367204886 0.552743819158753
-0.0144242954489234 0.779398988768445 0.62636184111704
-0.112107106701184 0.622958284130993 0.774180194050234
-0.137861826906507 0.684051913881384 0.716287020542196
-0.0374831616099972 0.566047159614168 0.823520264285252
-0.0604432073627538 0.804534473347441 0.590822223582745
0.00578908536534152 0.622415907038549 0.78266527018644
-0.0161747050288801 0.681456750668656 0.731679626534281
0.106915935535986 0.638612906505052 0.762064654982525
-0.00774780306454313 0.711900060237359 0.702238047802679
-0.0437366109807019 0.827465276369282 0.559810972796202
-0.0014733547502314 0.677564325307806 0.735462041369885
-0.00372168911056699 0.711397519246232 0.702779993056483
-0.0239441110599999 0.994639435883856 0.100593598852961
-0.0522660611455201 0.651002701880043 0.757273887703264
0.000660859919267546 0.729268611376648 0.684227195984596
0.0233598931886044 0.806163708164401 0.591231250044211
0.00483473889744856 0.656077622719954 0.754677930156916
