0.180960279352518 0.800321248609932 0.571611123334822
0.0163779822824356 0.668206199810579 0.7437958296677
0.232749228407742 0.57955477696295 0.780989153045691
0.125493263971156 0.622865390949002 0.772198255278923
0.0737184572272824 0.73842065500408 0.670298832855447
0.158167826485632 0.881230275501644 0.445439266571895
-0.199475435494769 0.578315063497068 0.791050717695493
0.136306197224167 0.858146157277601 0.494980598961185
0.000491814063296013 0.648892586900967 0.760879864882688
0.04754023430174 0.676029899547558 0.735339038158763
