-0.151551296907987 0.971591329688796 -0.181775940319572
0.0036527697802045 0.971097074952659 -0.238656925923642
-0.0886577629719276 0.943089583807402 -0.320502477336439
0.0309915625287619 0.961941883562019 -0.271490949575083
0.0556860024944425 0.949847498417806 -0.307715451148663
0.0255689921808137 0.981666635590555 -0.18888314696441
0.0318751490688452 0.920921918101391 -0.388441495765186
-0.014317698389333 0.970633579958162 -0.240136329967862
0.0171700957329481 0.980976960798177 -0.193363363116422
0.0488993573135285 0.972323650503825 -0.22846350151663
0.115744870868794 0.985921675470168 -0.120671349978625
-0.102651714963081 0.991241180462994 -0.0830875897440128
0.0438142963440018 0.98285598349522 0.179093336401788
-0.0615773524263152 0.966875231243275 0.247710550595706
0.396759205881796 0.914937363698643 0.073971298868037
0.335988249112182 0.897315213962208 0.286246927058592
0.193703730711682 0.969916092621208 0.147450459418696
0.00517574320717499 0.981553763605825 0.191116249527597
-0.0602869728153287 0.961211288589283 -0.26914371550771
0.113617777792484 0.984201106260604 0.135790953324957
