0.198795161042032 0.76444964759646 0.613267657907965
0.034423748964362 0.655274454339629 0.754606119109261
0.264129227466951 0.601134934087344 0.754236396773264
0.197611987461371 0.630692297855283 0.750451016281269
0.0700462402081749 0.756887625966396 0.649780459764412
0.0986762399870938 0.871143795160153 0.481010901972061
-0.200570136888838 0.577210878915603 0.791580205317105
0.143398986080535 0.862343310548083 0.485593189350971
-0.0484121138275764 0.649069132714279 0.759187413088679
0.0721492144660749 0.694734138056695 0.715638853242715
