-0.00907585610217378 0.714610669332339 0.699463523074934
0.0233418706251065 0.725375992786551 0.687956994415092
-0.128404280654631 0.650323066582107 0.748727086314374
-0.0517264117503869 0.736358270327617 0.674611648318905
-0.0379028753898833 0.669018138587164 0.742278992211517
0.105942236505946 0.646419686212632 0.755591047988845
-0.0028185670758442 0.61069516386981 0.791860765858282
0.0825773823039782 0.787385854938278 0.610904649986346
-0.0966728875514265 0.621608719598797 0.777339663552049
-0.0173118211942772 0.735736906356252 0.677046161995081
-0.0079069525674809 0.527777865010738 0.849345633594359
-0.0152865222328222 0.784252715327342 0.620253174711518
0.0659342336777893 0.580016641940159 0.811931876392215
-0.113463007463462 0.612622756139537 0.782188918738526
-0.0709300011352671 0.545247238065303 0.835269049062103
0.0516726284753361 0.815986678624773 0.575756615049589
-0.0301512068449812 0.728332161029205 0.684560565572046
-0.0134137939283186 0.767501079945311 0.640907296272425
0.108406673559167 0.686550500636362 0.718955077319714
0.117911038183567 0.947582638645541 0.29695812838181
