0.126487254028129 0.473108958299797 0.871876647321687
-0.116468767512267 0.286162928546595 0.951076129718231
0.070065004802588 0.384022586045912 0.920661473348714
-0.0809834084258189 0.275281886964336 0.957946538314687
0.151271782325095 0.453315341812229 0.878420200558851
-0.0225196375067772 0.339805135863801 0.940226215103124
-0.0722814366003559 0.449016960677606 0.890594836582177
-0.0264882402930255 0.194223412136434 0.980599632523009
-0.0920753688416018 0.332874431336997 0.938465097600733
0.0590582564163101 0.262320319388283 0.96317193293051
0.0582399000518836 0.077788766245886 0.995267311775027
0.0885462322926257 0.0502627019732244 0.99480310893017
0.0584340392567151 -0.138209155703377 0.988677749489642
0.202716326393553 0.124943415997743 0.971233871841544
0.0866863580057019 -0.576913645109609 0.812192170254092
0.100549453670927 0.197941688856255 0.975043022219641
0.0715080140313126 -0.182656629571373 0.980572873173088
0.150697356351155 -0.0482675845088062 0.987400904939052
0.0777440495891793 0.0432344581489456 0.996035463415858
0.158311857430524 0.0759358091906562 0.984464884431871
