0.0790897682425591 0.409961685208975 0.908667279712412
-0.133020803500098 0.314389266132423 0.939928111706904
0.0564048881923096 0.39372851138778 0.917494603748914
0.00341885206407454 0.286212005295184 0.958160215974069
0.149520684384467 0.540498011941748 0.827952573538013
-0.0256562338849472 0.376839728558386 0.92592309434579
-0.0766450063927572 0.432675160883395 0.898286005762966
-0.0385069628385334 0.233454134342997 0.971605054006572
-0.0721136609781349 0.374946025245557 0.924237576628915
0.0643578980139457 0.293509288814027 0.953787375856439
0.0497026508694109 0.175831695075392 0.983164717381308
0.10732664284071 0.0497868196272102 0.992976467157178
0.0678704567376553 -0.162512154794587 0.984369544757579
0.172731986611658 0.146293081965793 0.974044144261511
0.284520911982846 -0.605487206396693 0.743258429844141
0.0920850821032692 0.206758821462459 0.974048832144205
0.0669467801932097 -0.138595021338835 0.988083776145449
0.147580574193377 -0.0741552636316404 0.98626617654489
0.0853395133106022 0.089537328852842 0.992320630748856
0.163094289026109 0.116032492543995 0.979763600855378
