-0.0444597860837434 0.86315206527918 0.502982941684581
0.102195163648527 0.883089831973523 0.457939403405981
0.0649430086492993 0.863034470644576 0.500952999898008
-0.14133269682545 0.879216989379324 0.454975333831191
-0.133225317313559 0.803434920426964 0.580295910260635
-0.0166593327796203 0.807034670939861 0.590269012004127
-0.100912082738528 0.900704128292896 0.422550381414462
0.0248629036926515 0.968461107493873 0.247921195729029
0.00432897227738866 0.83650882824165 0.547936346917052
0.124661073975043 0.765431461302222 0.631327406884996
0.11099193958082 0.992267733951534 -0.0555475787660967
0.0724921766541566 0.994440672347869 -0.0763716799884667
0.0548680959132584 0.985173254590334 0.162551993192156
0.191078015872494 0.9685054388714 -0.15964462636352
0.117296389704767 0.830998622992511 0.54376727149285
0.080026066527252 0.973049027688375 -0.216267007171424
0.0647757366941434 0.988234438197465 0.138552513857641
0.141251451356786 0.988487767479509 0.0542214075156531
0.0823090260434437 0.996143692568748 -0.0303803882015893
0.184676818429943 0.982329607503744 -0.0303811612045196
