0.11099193958082 0.992267733951534 -0.0555475787660967
0.0724921766541566 0.994440672347869 -0.0763716799884667
0.0548680959132584 0.985173254590334 0.162551993192156
0.191078015872494 0.9685054388714 -0.15964462636352
0.117296389704767 0.830998622992511 0.54376727149285
0.080026066527252 0.973049027688375 -0.216267007171424
0.0647757366941434 0.988234438197465 0.138552513857641
0.141251451356786 0.988487767479509 0.0542214075156531
0.0823090260434437 0.996143692568748 -0.0303803882015893
0.184676818429943 0.982329607503744 -0.0303811612045196
-0.237596586283509 0.969770599293366 0.0556133700885804
0.275289906582498 0.958948331824296 0.0680702888579071
0.0382334897183143 0.985783073062214 0.163615198340424
-0.0191845238939997 0.993978005421669 0.107887343006126
0.226972109193079 0.96649226208454 -0.119901496984625
-0.0256948448912139 0.943145683518294 0.331384964364448
0.239549970888953 0.955318047352721 0.173156691609901
-0.0841000644592402 0.979405398071844 0.183554475253764
0.0477500498107565 0.986715702183563 -0.155280571249172
0.10806493904519 0.991784335886779 0.0684529038009298
0.115744870868794 0.985921675470168 -0.120671349978625
-0.102651714963081 0.991241180462994 -0.0830875897440128
0.0438142963440018 0.98285598349522 0.179093336401788
-0.0615773524263152 0.966875231243275 0.247710550595706
0.396759205881796 0.914937363698643 0.073971298868037
0.335988249112182 0.897315213962208 0.286246927058592
0.193703730711682 0.969916092621208 0.147450459418696
0.00517574320717499 0.981553763605825 0.191116249527597
-0.0602869728153287 0.961211288589283 -0.26914371550771
0.113617777792484 0.984201106260604 0.135790953324957
