-0.0473576145150292 0.884320637291921 0.464472030166571
0.0947730594048337 0.89158792330566 0.442819423949028
0.0566213864115297 0.876977033614689 0.477184766220817
-0.14271933303917 0.87310220658345 0.466179931824574
-0.150619974132887 0.787861290843475 0.59715007308269
-0.0386129712111003 0.822924422256336 0.566837219762716
-0.0681320092220445 0.902239682170356 0.425818723445203
0.0136520123017917 0.958474970377076 0.284849703740016
-0.0299622214255931 0.848140273385179 0.52892375816308
0.116820809036442 0.804982553250515 0.581683752169814
-0.0268323209417455 0.511021818873158 0.85914883878665
-0.0442962489246517 0.794221567047675 0.606011505474558
0.0535868853251706 0.554899666976343 0.83018962009332
-0.134254083151329 0.708502141521081 0.692820724731325
-0.176670812060163 0.517648879730779 0.837154144396044
0.0188911458210288 0.809257435991256 0.587150344377338
-0.0407451914591494 0.704863555623047 0.708171728698197
-0.0189138167585111 0.74605425514666 0.665616493119865
0.044883368647453 0.672871926706429 0.738396135871007
0.0937779638321223 0.955690483365105 0.279036545106324
