0.181325234922958 -0.726500118137299 0.662811238231991
-0.00774139641487128 -0.708423465655442 0.705745183540263
-0.0361356935974744 -0.566617669186595 0.823188088236085
0.00554840342468961 -0.732360808422372 0.680894163219488
-0.00724944169848267 -0.68065110022854 0.732571856784533
0.0454325802158734 0.254170360957139 0.966091770105639
-0.0566276180223292 -0.762729821120907 0.644233290702977
0.00771157233962695 -0.668595687393674 0.743586133847742
0.00807771054649772 -0.562066403844528 0.827052663535767
-0.00427110042632237 -0.746746478282889 0.665095072056056
-0.0665016188542578 -0.943353036254128 0.325057815903389
0.0603970897529186 -0.758192549894691 0.649227424585226
0.129435632642188 -0.619743708191992 0.77405694439037
0.249898279670126 -0.706275351788361 0.662363931139172
-0.184973370897189 -0.665820825513984 0.722819120092162
-0.0727238526673716 -0.893138919283191 0.44386271764462
-0.105858294757346 -0.782847765664748 0.613142232458977
-0.0101694461895887 -0.719269527126468 0.694656699176985
-0.1491103506722 -0.830073768883366 0.537348715020495
-0.0993602850869326 -0.794636496025357 0.598899301161711
