-0.157114834525978 0.912234784189186 0.378341944921765
0.184043852506613 0.892019325766269 0.412830937326668
-0.0757007467116155 0.784940670388986 0.614928890943167
0.00478692683576439 0.962515615835437 0.27118402350507
0.0854381919770608 0.976816866032649 -0.196288373537111
-0.223679756263848 0.890562945264034 0.396061872894115
-0.308075542798619 0.568508283127243 0.762815699854854
0.169558704419003 0.863169799848041 0.475591991507472
-0.0493300257219085 0.884590554476041 0.463752196214796
-0.174405443610854 0.471330802462607 0.8645403494857
