-0.00257997966761639 0.801715187122881 0.597700679639432
0.08505021365349 0.891602269471407 0.444760445892991
0.0616063026536965 0.823570173160639 0.563858877161206
-0.101149731112528 0.896254736139309 0.431852034664329
-0.0757608986725953 0.734593806974816 0.67426421007389
0.0211237427271852 0.757214506547012 0.652824615473375
-0.126284084268475 0.909172758243057 0.396808802484502
0.0476094026476367 0.96242727217712 0.26733329487597
0.0666458846690754 0.830236313049794 0.553413037929322
0.158909988146254 0.742390294291943 0.650848881545078
0.107231410807568 0.994115739393285 -0.0153401834004901
0.129801356710899 0.989670316553776 -0.0608627334939749
0.048674393127107 0.981785556756209 0.183651637614828
0.17872414313374 0.980350254069721 -0.0834928739866141
0.105170932060424 0.851851025907417 0.513116852880533
0.0647856290920275 0.976969108679168 -0.203308098583853
0.0610463792124284 0.989321829768949 0.132346729191438
0.154462817378307 0.987577684012538 0.0288367142370297
0.0863974057163283 0.9952485297935 -0.0448982430543298
0.194861533225174 0.97979109744615 -0.045148513091839
