0.110818174772979 0.993714164925432 -0.015858454102976
0.0853816568933752 0.993597764815593 -0.0739827981330819
0.0503044877766453 0.984233339081623 0.169570612871948
0.183086317629508 0.975562120175606 -0.12148230313648
0.120357182302774 0.846520373316126 0.518572469601756
0.06196400294999 0.97303387550828 -0.222183571516326
0.0632424321968448 0.988928005116402 0.134245280983436
0.150270666460052 0.988225804817396 0.0287834239565281
0.0863063144220284 0.995284687376483 -0.0442674955783966
0.192726417814131 0.98014067664452 -0.04669884220573
-0.212446249652488 0.973284268457228 0.087088023185002
0.243533499041682 0.956687272184926 0.159502031597971
0.0932035593953033 0.987601531836939 0.126318291745009
-0.0309700567387793 0.99458424763137 0.0992120453833009
0.219084718019349 0.970035232223254 -0.105040632975811
0.0441906462778134 0.963493918257036 0.264058054721405
0.245999337803789 0.955825022288397 0.160881486092972
-0.0834447078597959 0.984516842453199 0.154154363078626
0.0324421670110552 0.991479593179868 -0.126157528937083
0.0792407947156406 0.99266139311885 0.0913468941134681
0.117085451356848 0.988571549179995 -0.0949594083407612
-0.064001437071921 0.994061528643839 -0.0880084843807841
0.0326042629319066 0.982391068765032 0.18396942694199
-0.0354455434062636 0.964637861813566 0.261184626286438
0.400206693424299 0.915320208322781 0.0449835389262582
0.365127327250746 0.897262314880418 0.248198253801594
0.182402437630133 0.970513525828695 0.157584412078543
0.0204066528721183 0.984635532797303 0.173425592319956
-0.0848622124023962 0.947887705933513 -0.307094939467051
0.10413554576162 0.985820381356617 0.131582536116398
