0.0798809731047669 0.991059684344187 -0.106863147078105
0.0778417035802857 0.992237052952617 -0.0969860811231371
0.052538680867889 0.984191464479731 0.169135591339921
0.190599447450072 0.971867668020483 -0.138365770652123
0.1284468415545 0.820119888762311 0.557588357976714
0.0856740334693545 0.975790544474672 -0.201228162300693
0.0670074954133757 0.987946831065406 0.139538720598439
0.158553103427678 0.986597058113351 0.0385636916740771
0.0764417317146378 0.996257000890903 -0.0403565338988587
0.207827655707943 0.976264194748262 -0.0609580804772286
-0.195474538561551 0.978614278060968 0.0640609049995257
0.292740164878729 0.953745173562878 0.06836182979039
-0.00354106816902553 0.982714073114077 0.185095951710897
-0.0711488352806873 0.992850702611832 0.095840104139094
0.256612544933812 0.960071758075603 -0.111410148228129
-0.0964048421175027 0.890277859738094 0.445097111736819
0.23684143624577 0.957025675115761 0.167355882018715
-0.107239787562936 0.982715121876743 0.150899361159132
0.0360873615508668 0.98767266382544 -0.152316812822015
0.104112676549172 0.989645429413352 0.0988052358077686
0.120074334803333 0.988384132521348 -0.0931609397846567
-0.0892597494953668 0.992311338182591 -0.0857374202685142
0.0592704027411994 0.97475305181724 0.215275422033897
-0.0763650714932562 0.975245243064936 0.207521304291977
0.349786144827964 0.934381115911911 0.0676873925749972
0.241888373268616 0.862115726034176 0.445248795396492
0.150751799085694 0.956486352269895 0.249815437861347
0.00511000810805032 0.976218737354068 0.216727627809571
-0.0359319134536611 0.956611114717486 -0.289143688837449
0.118112130226968 0.9860629996404 0.117172033495302
