-0.0444597860837434 0.86315206527918 0.502982941684581
0.102195163648527 0.883089831973523 0.457939403405981
0.0649430086492993 0.863034470644576 0.500952999898008
-0.14133269682545 0.879216989379324 0.454975333831191
-0.133225317313559 0.803434920426964 0.580295910260635
-0.0166593327796203 0.807034670939861 0.590269012004127
-0.100912082738528 0.900704128292896 0.422550381414462
0.0248629036926515 0.968461107493873 0.247921195729029
0.00432897227738866 0.83650882824165 0.547936346917052
0.124661073975043 0.765431461302222 0.631327406884996
