-0.00257997966761639 0.801715187122881 0.597700679639432
0.08505021365349 0.891602269471407 0.444760445892991
0.0616063026536965 0.823570173160639 0.563858877161206
-0.101149731112528 0.896254736139309 0.431852034664329
-0.0757608986725953 0.734593806974816 0.67426421007389
0.0211237427271852 0.757214506547012 0.652824615473375
-0.126284084268475 0.909172758243057 0.396808802484502
0.0476094026476367 0.96242727217712 0.26733329487597
0.0666458846690754 0.830236313049794 0.553413037929322
0.158909988146254 0.742390294291943 0.650848881545078
0.150360593221214 0.806021937825157 0.572468625996869
-0.132189268510053 0.729930335927066 0.670617403579849
0.0564653894582726 0.665590858667398 0.744177713084531
-0.0155933683403608 0.789110137198757 0.614053774708666
0.211019661236656 0.783222319526718 0.584836302538373
0.128479299925716 0.747625575603998 0.651574299825729
0.11181634308595 0.693493481453944 0.711733023401172
0.0346245351680008 0.762565565402459 0.645983668544978
-0.082188217835749 0.56724487064114 0.819437827769929
-0.069848470763036 0.714465611206232 0.696175323848649
-0.0165029880154767 0.351405144444569 0.936078028715797
0.0761853585973015 0.59171289761722 0.80254073910851
-0.0115225924098182 0.684462213584116 0.72895727449535
0.12864361856218 0.615323426367805 0.777706821601953
-0.084056179709137 0.717450952234594 0.691519117443892
-0.0661749338262872 0.576452074626973 0.81444698034393
-0.0424681178950803 0.625931254650086 0.778721081912271
0.0133318673738855 0.682316552381365 0.730935280075284
-0.153197540550191 0.656440166978424 0.738658798598319
-0.0865525908735941 0.643286668802477 0.760717365881758
