0.0278446188094943 0.686541179450058 0.726557558712782
-0.0482565779064649 0.942547226950535 0.330569247899156
0.105499423883419 0.877348163282153 0.468113311011018
0.106247024930932 0.981844300562688 0.157141144026291
-0.098908641840176 0.8546801466302 0.509645884438902
0.0898943548139031 0.978647941554856 0.184843748779978
0.111704621950758 0.750564039374272 0.651287724614102
0.205820608472415 0.976485375543713 0.0641419400805706
0.0186181480527448 0.986875532874236 0.160405882614319
0.177840753656692 0.848515727353001 0.498391138337579
-0.042225214837919 0.842923855738807 0.536373381757815
0.310229268605317 0.878301706356269 0.363791030005243
-0.174317789479385 0.738607637825503 0.651208158438492
-0.0338729034470404 0.974854644239753 0.220252239526078
0.0725030201148304 0.996780489243273 0.0342340231081561
-0.165846977151806 0.881603270298182 0.441894166027521
-0.509364524449298 0.37285230226837 0.775582969079206
0.326925530596551 0.311009653615255 0.892408366613784
-0.0493924541851931 0.87139432172595 0.488090484985454
-0.215412283356513 -0.221181156673219 0.951144807120257
0.157784265877335 0.926400788676928 0.341885513264772
-0.0706129963381692 0.968194329211933 0.240028218403587
0.0565113396204956 0.827011514666025 0.55933748587423
0.0382568260127758 0.679605521769692 0.732579517897936
0.262375963155118 0.699237475204741 0.665000606937861
0.145916563553474 0.869659121143824 0.471594496884872
-0.154962835192546 0.536951588597834 0.829258410395306
-0.0201128580829378 0.789034045340313 0.614020152953986
-0.304504304439288 0.912910868544867 0.271791969474084
-0.196744734848366 0.884114935125493 0.423830497719892
