0.0731736995745785 -0.600136361558376 0.796543757257593
-0.0543055886137164 -0.706238997871252 0.705887654610227
0.0352323179965867 -0.616174827855634 0.786820986810638
-0.0639810188331172 -0.702204620104246 0.709094564027484
0.092684151357786 -0.540640261606515 0.836132618438682
-0.0708085692620005 -0.611569288811142 0.788015958913335
-0.0750882264854773 -0.589741751619122 0.804093542220353
-0.0268101773144225 -0.74156597943665 0.670344025508195
-0.0664907635685578 -0.664165399977067 0.744622924595646
0.0355053076549019 -0.707421615327184 0.705899448431722
0.0824815324140917 -0.64194310268545 0.762302990762336
-0.0412186009199069 -0.189762563978412 0.980964421500874
0.0741326617523916 -0.407663539546275 0.910118007176052
0.0682336856258439 -0.0897395535942739 0.993625169098798
-0.100547534415278 -0.544803593484899 0.832513806401401
0.0879847835931807 -0.13122659046081 0.987440256325461
0.259259099636246 -0.577537629761435 0.774102709894073
0.123513467667128 0.0487048735189929 0.991146940973103
0.0602026456854958 -0.129454555254307 0.989756111158894
0.161888815042585 -0.431351892031582 0.887540171938647
