0.140499876759764 0.981675778038885 -0.128734033737167
-0.0904089327573045 0.992102620065988 -0.0869403021382265
0.0887977264380903 0.970189455219513 0.225493646829109
-0.077135310232241 0.977861885823043 0.194515490822656
0.347844087015729 0.93540280905729 0.0634513666986343
0.152235278914144 0.786747942917597 0.598207400630302
0.193912535553728 0.960833941470613 0.197979962302173
-0.0107543851634429 0.968908018032176 0.247187369808241
-0.0400691182645052 0.978456697800057 -0.202526433562912
0.129289996281575 0.988125079550459 0.0830236353390317
