-0.0212437437671754 0.518116977642882 0.855045905685162
-0.0143527953292732 0.79843312464655 0.60191240453523
0.0490882593020621 0.542803130610589 0.838424179158758
-0.14137756549977 0.730449195833957 0.668173896735635
0.0597503895159791 0.522688136252155 0.850427541401346
-0.00958375256494738 0.784346997985096 0.620248287735276
-0.0633938360998044 0.709189969177389 0.702161526404519
-0.00221837500470509 0.735195684571339 0.677851299475053
0.0669712521962067 0.669064324244955 0.740180911265559
0.11135752036736 0.953584882230683 0.279777366916497
