-0.237284277521902 0.915558069466948 0.324730031064057
0.0716654506394472 0.829163813768142 0.554392850893763
0.0579286616858592 0.846162672424409 0.52976693172646
-0.082476688741519 0.984118564072523 0.157188573573495
0.0251116908337753 0.943972822330457 -0.329066427465552
-0.346111116478366 0.860884766520002 0.37294036228853
-0.292450969177799 0.714891025547194 0.635140340569741
0.0462092329541913 0.974917521544803 0.217716634584324
-0.17420616372364 0.943130570409755 0.283120009323365
-0.274339820646916 0.718268681295475 0.639396406212513
-0.226476607382063 0.972107445339581 0.0609545816494915
0.279976996241002 0.956096860359726 0.0865544636985281
0.0506407707368434 0.988687820402297 0.141180402773665
-0.0415469691985287 0.993857305095813 0.102574394748902
0.230559385297961 0.965972644217187 -0.117214420934811
-0.0011799692024986 0.954737414570346 0.297447603608119
0.236695537573171 0.956938034364027 0.168061955482079
-0.0857615861195444 0.981623771889384 0.170469119807425
0.0551666337643176 0.985090887948117 -0.162949639461716
0.0814338679898816 0.992348945770421 0.0928013737642944
