-0.001690648684779 -0.382464939453347 0.923968458225698
-0.00569094805943306 -0.0325024961058155 0.999455452162364
0.0104492528796213 -0.322052018702012 0.94666430711431
0.0710215591165373 -0.0392111898988335 0.996703777823368
-0.0822294691989405 -0.56840723901953 0.818627830595476
0.0994740737921097 -0.0117277173695607 0.994971039422003
0.223872813652966 -0.439150537026433 0.870073427439604
0.0658712409892834 0.112167323879766 0.991503641478025
0.0829900767356563 -0.0827217092652227 0.993111154896394
0.145034417310144 -0.341964825296229 0.928453055386015
0.0882143185640578 0.148810811029544 0.98492313229054
0.0736181609406579 0.0854277017494806 0.993620890558123
0.0492513115723019 -0.146305768382595 0.98801261654211
0.193413501223484 0.153129101587941 0.969093749743204
0.128249140222412 -0.573054466173998 0.809420000265774
0.0711285863975113 0.219908421716804 0.972923948854748
0.0683935914999073 -0.123521268323502 0.989982228584684
0.161598599571407 -0.04672059884699 0.985750007993882
0.0816851344659274 0.0455523053697845 0.995616656290352
0.194851695141808 0.0603120655906042 0.978976645096582
