-0.102137251342274 0.88631354363955 0.451681618232743
0.20794412780534 0.875463584615988 0.436259958880713
-0.0339533462069445 0.800138076745729 0.598854096106053
-0.0224147197880664 0.986347672937127 0.163143643542544
0.128506878607482 0.972009675575833 -0.196680382187769
-0.22545112330712 0.888303011584381 0.400111922603759
-0.377544964884255 0.486294411224269 0.788021284676111
0.245423579720057 0.670170619508888 0.700455999520645
0.0570887353987768 0.897262003882075 0.437791928523234
-0.235071733672705 0.211250859034149 0.948743566294625
