-0.0079069525674809 0.527777865010738 0.849345633594359
-0.0152865222328222 0.784252715327342 0.620253174711518
0.0659342336777893 0.580016641940159 0.811931876392215
-0.113463007463462 0.612622756139537 0.782188918738526
-0.0709300011352671 0.545247238065303 0.835269049062103
0.0516726284753361 0.815986678624773 0.575756615049589
-0.0301512068449812 0.728332161029205 0.684560565572046
-0.0134137939283186 0.767501079945311 0.640907296272425
0.108406673559167 0.686550500636362 0.718955077319714
0.117911038183567 0.947582638645541 0.29695812838181
