-0.0862916341829763 -0.943356804301901 0.320361816774933
0.0813364104881798 -0.777541386566268 0.623549340874885
0.0683260789598391 -0.690420893732238 0.720173962617333
0.188686573473123 -0.747897575744029 0.636432709080211
-0.128137695969287 -0.688023981970153 0.714285468916747
-0.0912219749689632 -0.854634055061545 0.511154754660291
-0.0464293958833455 -0.787085707778698 0.615093813827137
-0.0105398329922195 -0.708325707868391 0.705807058262553
-0.158555023794057 -0.779007488703165 0.606636330080926
-0.102363850489029 -0.771172912622122 0.628342248262022
-0.104993809037696 -0.822604503264215 0.558836408328225
0.0872889838371729 -0.759309804765741 0.644848240818943
-0.225298965716588 -0.695465821306292 0.682325191856347
-0.0463809467121598 -0.762542367792292 0.645273542851254
-0.0595330554052802 -0.611832208888315 0.788744041803776
-0.181378469403852 -0.929310803919699 0.32168817285508
-0.0750368202026934 -0.799112042706836 0.596480862069167
0.0648809589657817 -0.687381920217513 0.723392394846508
-0.112027210294848 -0.693814140612296 0.711387266149722
-0.0744498925773601 -0.744855423451253 0.663059282153922
