0.125455653955939 0.791958520513356 0.597547136782349
0.0136024457985626 0.71637533884267 0.697582502193359
0.173036448421088 0.603686363294015 0.778216655110042
0.112368107266933 0.635506678057611 0.763874774170104
0.0764532418770072 0.730093699878849 0.679056765818373
0.130943773678477 0.864331965307954 0.48557592802952
-0.211935172553199 0.549702776140534 0.808028675566799
0.108881427765955 0.852902489973898 0.510590028578675
-0.0183535158464533 0.63192293940394 0.774813879012991
0.0493341528789346 0.652013640707208 0.756600524511747
