-0.102379140096521 -0.834253412040274 0.541793093507344
0.0968879442176206 -0.791838082651518 0.60299683011443
-0.186409789254997 -0.719767720599915 0.668719536765834
-0.0247957190060355 -0.763026745133327 0.645891135200209
-0.0404285659620838 -0.60511149073491 0.795113586121394
-0.172790710759711 -0.88410429738183 0.434169277616617
-0.0691745535881674 -0.812353947094398 0.579047446912625
0.0688727717542383 -0.69624009482805 0.714497215995078
-0.0967273032503221 -0.705295653871881 0.702283325613926
-0.0810895559179762 -0.715971679901207 0.693403949729498
