0.150360593221214 0.806021937825157 0.572468625996869
-0.132189268510053 0.729930335927066 0.670617403579849
0.0564653894582726 0.665590858667398 0.744177713084531
-0.0155933683403608 0.789110137198757 0.614053774708666
0.211019661236656 0.783222319526718 0.584836302538373
0.128479299925716 0.747625575603998 0.651574299825729
0.11181634308595 0.693493481453944 0.711733023401172
0.0346245351680008 0.762565565402459 0.645983668544978
-0.082188217835749 0.56724487064114 0.819437827769929
-0.069848470763036 0.714465611206232 0.696175323848649
