0.0350214037793331 -0.730597986260214 0.681909146257656
0.00846382390689374 -0.699538562046433 0.714544724908722
-0.0369528623669629 -0.572007938077805 0.819415282221942
-0.043772396924336 -0.701279852029996 0.711540966075942
0.018047735258979 -0.723446858317894 0.690144131643522
-0.0710539023076363 -0.335214577943284 0.939458636503579
-0.031245887327277 -0.725498075935293 0.687514535365849
-0.011161809341024 -0.701069328880841 0.713005757420515
0.000434954772729211 -0.590115933540314 0.807318398029048
0.0127475150755924 -0.750262136663706 0.661017569470138
-0.0165029880154767 -0.936078028715797 0.351405144444569
0.0761853585973015 -0.80254073910851 0.59171289761722
-0.0115225924098182 -0.72895727449535 0.684462213584116
0.12864361856218 -0.777706821601953 0.615323426367805
-0.084056179709137 -0.691519117443892 0.717450952234594
-0.0661749338262872 -0.81444698034393 0.576452074626973
-0.0424681178950803 -0.778721081912271 0.625931254650086
0.0133318673738855 -0.730935280075284 0.682316552381365
-0.153197540550191 -0.738658798598319 0.656440166978424
-0.0865525908735941 -0.760717365881758 0.643286668802477
