0.0164350580395842 -0.323190286839413 0.946191274193487
0.00494045702004411 -0.0112632465142991 0.999924362720697
0.0139401312246003 -0.260849179293508 0.96527891223384
0.138688292702305 0.0634298259441025 0.98830269383829
-0.0391264258250527 -0.572863917675849 0.818716101360683
0.11038656034595 0.00546709028818425 0.993873693292448
0.276624794173031 -0.277378987332481 0.920075877650933
0.0115441612742309 0.0771724215052233 0.996950926424914
0.0834050771696571 -0.054227183539352 0.995039198055892
0.145323436467516 -0.236692067241271 0.960654966217489
0.102417277312068 0.0408078003537746 0.993904132569268
0.0839286337032356 0.0821685102372657 0.993078204558985
0.0529835815664118 -0.162346717559164 0.985310247273497
0.184833421851805 0.150969122960319 0.971105004661774
0.120343832698761 -0.53178038526061 0.838288126948873
0.0607524282211551 0.22122330959545 0.973329024408945
0.0674093952288531 -0.140603277092536 0.987768541666376
0.142413666627784 -0.0465956925475591 0.988709860876103
0.0849767944691365 0.0332238653841032 0.99582886038249
0.18698669404106 0.0303530966295444 0.981893408561537
