0.0911868875016801 0.974715621678366 0.203996098991897
-0.0873129818253682 0.987082972101278 0.134326651832282
-0.11705207934133 0.872996025600962 0.47347307210315
0.0432479976895091 0.750919752185478 0.658975823891551
0.223660138739311 0.955167364636853 0.193988267356047
-0.183181666928078 0.865123067631603 0.466911720513776
0.0200830633191726 0.95414438612202 0.298672330488701
-0.000235629003425584 0.944644492905307 0.328095605735049
-0.290197435558864 0.946877427298928 0.138595043442477
0.041533068141412 0.96246892882133 0.268195013570877
0.111903900500383 0.988167701248147 -0.104890949384366
-0.0970539935709915 0.992297429560527 -0.076982683893805
0.0292889427920724 0.984144982849554 0.174930873667782
-0.0375619792217154 0.963462134636258 0.265197686338123
0.390928532015467 0.918401589698435 0.0609376968355317
0.383560612210938 0.884710278012545 0.264894282194494
0.164789605232501 0.967265790250947 0.192979991236208
0.0136093733968358 0.984518506030786 0.174751527142555
-0.0606175403653494 0.949961282509303 -0.306429560475707
0.112922796078176 0.983526716553101 0.141151124516111
