0.0979487115275069 0.978379469647985 0.182152856912616
-0.0797499449926703 0.988717914168062 0.126794449708272
-0.109599841600964 0.879131131054587 0.463806348740211
0.0494897026105776 0.739324864597173 0.671527746205538
0.237608846495631 0.953703406083777 0.18436878610876
-0.179420595869928 0.879396355863065 0.440987867262174
0.0124931456659957 0.956136052863202 0.292656402162237
-0.00954069271633179 0.951041232748188 0.308916734404758
-0.386961055906373 0.918449997993745 0.0819191210714225
0.0561821752620939 0.970295373813536 0.235309266155989
0.112085743047962 0.987814318134336 -0.107979901343644
-0.0602948510645491 0.995981035320336 -0.0662292096988556
0.0304119235782089 0.985428806568806 0.167347489041966
-0.0466085807383334 0.961323812106936 0.271448279563063
0.389451470364638 0.919792351329419 0.0480581175944359
0.359945395495059 0.903397532865014 0.233049801277135
0.174060153380297 0.969674730094278 0.171563343467702
0.0206331457670869 0.983134755272725 0.181714958852027
-0.0757990910854049 0.947258015529653 -0.311378788303652
0.108912135009738 0.983856240890614 0.14200367638977
