-0.167072452297287 0.643287605305993 0.747173241318941
0.0561219577968561 0.781193592471386 0.621761125300302
-0.0761320101137575 0.829866367204886 0.552743819158753
-0.0144242954489234 0.779398988768445 0.62636184111704
-0.112107106701184 0.622958284130993 0.774180194050234
-0.137861826906507 0.684051913881384 0.716287020542196
-0.0374831616099972 0.566047159614168 0.823520264285252
-0.0604432073627538 0.804534473347441 0.590822223582745
0.00578908536534152 0.622415907038549 0.78266527018644
-0.0161747050288801 0.681456750668656 0.731679626534281
0.254026049594214 0.794638852284957 0.551379960251372
-0.158222636237829 0.514628009492622 0.84268832270752
0.0555790859541695 0.724911376181409 0.686596287411515
-0.130048356282817 0.794613097628732 0.593023987798983
0.282919754702359 0.750567846142465 0.597163562800191
0.133332193486531 0.779442611349267 0.612120692178517
0.00439417084584058 0.821563118586528 0.570100634485664
0.059930807459467 0.803632513852391 0.592100566624068
0.0194870745448174 0.48462682798675 0.874503911667172
-0.0600716705095034 0.789420317480488 0.610906667790754
