0.117829290936109 0.98380344708696 -0.135081589039031
-0.121602775017747 0.986729767878182 -0.107597073803395
0.0423216641768124 0.980893965496927 0.189883925578284
-0.0503933100938332 0.971600821092832 0.231197661643714
0.369945344114968 0.925532893005859 0.080804123235528
0.291176247826883 0.88692795395121 0.358573837865199
0.177217127806099 0.96673559177958 0.184435314402479
0.0050603690211723 0.982299287675732 0.187249838710531
-0.0406533104084955 0.952577729692036 -0.301567533477323
0.116034674584342 0.984098280050759 0.134486168416101
