0.209430871751093 0.70912467055712 0.673261399134715
-0.315921835796008 0.363116879400804 0.876549784987426
0.109118577609021 0.770915868747118 0.627520405512411
-0.21609900255957 0.833338411983757 0.508771375182556
0.318003077048364 0.772649387126394 0.549442415145555
0.124812833530704 0.831197676446391 0.541786101017881
-0.0680789974350784 0.853097579597789 0.517290798093904
0.0520004463245226 0.81229779138587 0.580920176695292
0.156399018256614 0.34245637844134 0.926424835565848
-0.2126289463358 0.877650655022048 0.429555885676704
0.248777308038199 0.78637088326653 0.565447331725851
-0.00447394763027603 0.604201251004905 0.796819196604041
0.304691398146354 0.607584110526773 0.733488037074233
0.251443391269717 0.599471660247015 0.75987495652079
0.0265893878920648 0.761854060648021 0.64720274622845
0.0776298894483858 0.907179722941507 0.413519709987327
-0.221064711557104 0.570913297269719 0.790688560878929
0.169189454716238 0.83949716094307 0.516352055463467
0.0450598304636952 0.720722134394125 0.69175806223922
0.0750525066864706 0.708974005513133 0.701229620557162
