-0.0287596038598487 0.851257912270722 0.523958826609798
0.0868361691796404 0.885481207649122 0.456489332430078
0.0685702166344764 0.841468113226203 0.535937999972231
-0.108500986834382 0.896127483456014 0.430329024411271
-0.0798279974562947 0.765866807073299 0.638024705356672
-0.00365977573321089 0.778104617569447 0.628124040424092
-0.114240783735469 0.899534925769585 0.421646724939508
0.0735839136836314 0.959518311624347 0.271863968382281
0.0348664810104406 0.843318639236183 0.53628164355941
0.163871617656358 0.748488133374507 0.642581984749211
