0.130180848290688 0.801427366454507 0.58375262143832
-0.136842517655056 0.636229864453597 0.759266544066828
0.0610376199649419 0.676568242618627 0.733845911638784
-0.0539455141222614 0.794324094101774 0.605094302597108
0.223893926174224 0.774901264417025 0.591100279332692
0.144557922335759 0.759067653398803 0.634759249364358
0.0883756952639027 0.722430771891689 0.685772204387579
0.0401923071276558 0.765887746042048 0.641716868182836
-0.0652490189683103 0.544389234153642 0.836291173731544
-0.0695197394453556 0.725308738027047 0.684904548363538
0.152263911725819 0.795318318579964 0.586757593318647
-0.00336913397018597 0.667150582422112 0.744915263174361
0.201668441898588 0.60161047381628 0.772913111117121
0.127718942965609 0.624245101813383 0.77071779820486
0.0715278471919702 0.731674081023252 0.677891441334718
0.128468020209592 0.876270275402436 0.464377402798163
-0.212549909871936 0.562004507986877 0.799358160536227
0.125745944138283 0.862494712265088 0.49019468463819
0.00961056984897087 0.66042741274747 0.75082838880723
0.0546838373059887 0.678019160816127 0.7330072956688
