-0.216677750648503 0.900504262265213 0.377018336445444
0.288112145795172 0.773799414783899 0.564115109818375
-0.0079142205412258 0.785536729322993 0.618764423668459
-0.0319205329572446 0.978502895132218 0.203747794573567
0.0418147056817485 0.968652424004783 -0.244875502773157
-0.273857915720104 0.880274067591185 0.387452458920976
-0.281924189738264 0.630659980097304 0.723039930255647
0.117027245807622 0.93925040608865 0.322665923829876
-0.0661477161498396 0.917177281490944 0.392950778043564
-0.161918694343661 0.649789953470308 0.742667727042921
