-0.226476607382063 0.972107445339581 0.0609545816494915
0.279976996241002 0.956096860359726 0.0865544636985281
0.0506407707368434 0.988687820402297 0.141180402773665
-0.0415469691985287 0.993857305095813 0.102574394748902
0.230559385297961 0.965972644217187 -0.117214420934811
-0.0011799692024986 0.954737414570346 0.297447603608119
0.236695537573171 0.956938034364027 0.168061955482079
-0.0857615861195444 0.981623771889384 0.170469119807425
0.0551666337643176 0.985090887948117 -0.162949639461716
0.0814338679898816 0.992348945770421 0.0928013737642944
