0.0246569681754463 -0.512956391416472 0.858060472475796
-0.0164519703785555 -0.0992729987892479 0.994924220421864
0.0042872216032838 -0.33969000563979 0.94052768156996
0.0972189482049344 -0.0910066333323167 0.991093471272737
-0.0908258533347393 -0.562297060710623 0.821932284243788
0.0994228131860472 -0.0189591024484552 0.994864642377304
0.266500485599794 -0.490139330569406 0.829904167843522
0.0988163835515745 0.123838751792076 0.987369883020729
0.0765640150956439 -0.0983150623831641 0.992205674293908
0.144661150268824 -0.41079448000777 0.900178341662388
