-0.104615004572157 -0.833974550085202 0.541795303254422
0.0978462647791259 -0.786226905751014 0.61014208274955
-0.196769168403719 -0.714780362840221 0.671096809159238
-0.0386653273131401 -0.768425396147604 0.638770227092
-0.0443472688912109 -0.604911451945753 0.795056887931154
-0.170903375549922 -0.871145376451134 0.460323548510669
-0.0640667265917677 -0.809038900447235 0.584252952159375
0.0614511625479115 -0.694565676484456 0.716800024882254
-0.0997054341570439 -0.689863543892493 0.717040526893456
-0.0805984533480874 -0.718211070464282 0.69114162628252
