0.158563903298443 0.79507946212547 0.585411084176782
-0.152786408165459 0.590502510995027 0.792441226835445
0.0638237598512616 0.694630203332969 0.716530116810205
-0.0825587562069733 0.785624355770479 0.613170794635375
0.250091897543092 0.763434236356038 0.595501645289725
0.101423181350657 0.764620416643722 0.636450278290686
0.0496767998479045 0.756280674018677 0.65235861124287
0.0156947135640812 0.791531209359817 0.610927181074412
-0.0129494607045749 0.525576732473473 0.850647641359199
-0.0360130668712229 0.7524067506404 0.657713570336878
0.184861003318119 0.789586741196329 0.585131769415385
0.0295676378152485 0.67529426520054 0.736955500814866
0.250074431308765 0.584904085082305 0.77158926253521
0.150402270256182 0.631752048730766 0.760439679413342
0.0777715218280697 0.738596484486375 0.669646790104241
-0.0278274911812585 0.860965609349827 0.507901417847438
-0.19863026057904 0.58026161526183 0.789836994218449
0.149103462095283 0.853854809128445 0.498698428430877
-0.0139854847759603 0.642017498743853 0.766562415933802
0.0427070418430061 0.692123522564915 0.720514495405438
