-0.078110190421866 -0.946528367508727 0.31302212007065
0.083024325308189 -0.775864008226282 0.62541346495432
0.0765622403243112 -0.654607916634922 0.752081577247714
0.202989164179756 -0.727272526646006 0.655644775172912
-0.153780039832364 -0.670336926118405 0.725947728718318
-0.106029263752874 -0.876906158566982 0.46882127116346
-0.0559993665347455 -0.781921110011272 0.620857027556625
-0.00343179037116064 -0.721644306232549 0.692255529480979
-0.162654151114056 -0.798989164115616 0.578929998144158
-0.0974406363396752 -0.781022938367356 0.616853703996126
-0.0984808772074666 -0.807463268764868 0.58163956744706
0.0746267391915121 -0.754827198534061 0.651664599430461
-0.227019932388683 -0.693198146613393 0.684060143430382
-0.0447950597879092 -0.752091927398204 0.657534132468462
-0.0521768390499385 -0.607642026086691 0.792495265348644
-0.173525872775221 -0.923319144981231 0.342593823628981
-0.0440847741505952 -0.82372967437789 0.565266270210231
0.0824354895413772 -0.68020442691102 0.728372382559035
-0.127760562743585 -0.668067654615601 0.733050371709784
-0.0633783857022794 -0.763731164545866 0.642415666470852
