0.0246419331726504 0.73908459439266 0.673161746878826
-0.0044403036995639 0.665329700860529 0.746536451123383
-0.0413290115845521 0.774177667548446 0.6316176468962
0.0209683684275053 0.679973192698508 0.732937094665624
0.0570060141971156 0.675390888779366 0.735253331647791
-0.0831583555482124 0.626545812999997 0.774935501906249
0.0560154679312119 0.712973025555401 0.698950450448975
-0.012778274433959 0.723706989891441 0.689989064032728
-0.00838032724462633 0.74088370675933 0.671581047360501
-0.00754497533263233 0.680246776790831 0.732944333502153
-0.250954496764653 0.917022766521022 0.309985622627456
0.0421049346201246 0.84461380309816 0.533717807550674
0.0314709612522368 0.84479744204919 0.534159957788868
-0.0877365314737831 0.981757405546623 0.168685202964909
0.0175216227939804 0.942149083988497 -0.334735860454629
-0.328534135442783 0.865306449559205 0.37856316540322
-0.288695696091336 0.744723917528669 0.601698497354856
-0.00313796847477148 0.986072938115414 0.166283835264544
-0.179479457333447 0.952108239417638 0.247541965792341
-0.312373439297608 0.739507544416295 0.596281331397155
