0.111180811586254 -0.727104736014253 0.677464043326777
0.00302856540704044 -0.704995513665765 0.709205297147955
-0.0356146459527528 -0.55527241278554 0.830905617138905
-0.0222314822916792 -0.725285222715895 0.688089461411138
0.0211403657412717 -0.723843899327984 0.689639829434165
-0.0421588777487608 -0.164082211761807 0.985545360097808
-0.00638592104081854 -0.774730583321891 0.632259237400438
-0.0116577923134409 -0.702361335620059 0.711725122574989
0.0233864020551612 -0.581769543361906 0.813017388876396
0.00405091048211541 -0.745569017364436 0.666416109101884
-0.0763714736870242 -0.939762424641152 0.333187609672772
0.0896931400430115 -0.79255281090237 0.603170939750894
0.052018986758 -0.704588917001195 0.707706494993337
0.186762675958545 -0.750419034778761 0.634027582294742
-0.116031357759401 -0.684788510851873 0.719445216414554
-0.109066012203719 -0.866555104036706 0.487018332971063
-0.0437028346013411 -0.787282463760556 0.615041774599837
0.0390899189997519 -0.724342410368673 0.688331352455991
-0.146345370039848 -0.756279744014239 0.637670746907569
-0.0937495536191157 -0.776368198969768 0.623268353780821
