0.0435433847477743 0.726410327927406 0.685880462708412
0.0300710433698578 0.718786265900346 0.694580475037764
-0.110790324842105 0.604260084990854 0.789047054115422
-0.0121043937521021 0.763784802616548 0.645357466017009
0.0470629419758526 0.663868057541618 0.746367390544695
0.100611446897096 0.641391108744183 0.760588444809136
0.0537280980404155 0.516490820331648 0.854605478565461
0.109466135589359 0.790719600541102 0.60231194449326
-0.0716490370493369 0.610469924995268 0.788792042407994
-0.0238486464614013 0.755444408708602 0.654778578920287
-0.0473576145150292 0.884320637291921 0.464472030166571
0.0947730594048337 0.89158792330566 0.442819423949028
0.0566213864115297 0.876977033614689 0.477184766220817
-0.14271933303917 0.87310220658345 0.466179931824574
-0.150619974132887 0.787861290843475 0.59715007308269
-0.0386129712111003 0.822924422256336 0.566837219762716
-0.0681320092220445 0.902239682170356 0.425818723445203
0.0136520123017917 0.958474970377076 0.284849703740016
-0.0299622214255931 0.848140273385179 0.52892375816308
0.116820809036442 0.804982553250515 0.581683752169814
