-0.0183298767126357 0.501385442929556 0.865029856847746
-0.0188030996424357 0.784150654845802 0.62028557451285
0.0616308463444817 0.575510713158102 0.815468612405846
-0.112472816169683 0.623060816189556 0.774044627235449
-0.0968067276533911 0.547254639252205 0.831348794007654
0.0609786553205911 0.82531081120968 0.561376583494283
-0.0157684578040653 0.711184734008352 0.702828307520372
-0.0110158564009421 0.76651916241554 0.642126953613951
0.0983064304483876 0.687640901307768 0.719364884172933
0.109238608101196 0.949203316224494 0.295093190312036
