-0.0212437437671754 0.518116977642882 0.855045905685162
-0.0143527953292732 0.79843312464655 0.60191240453523
0.0490882593020621 0.542803130610589 0.838424179158758
-0.14137756549977 0.730449195833957 0.668173896735635
0.0597503895159791 0.522688136252155 0.850427541401346
-0.00958375256494738 0.784346997985096 0.620248287735276
-0.0633938360998044 0.709189969177389 0.702161526404519
-0.00221837500470509 0.735195684571339 0.677851299475053
0.0669712521962067 0.669064324244955 0.740180911265559
0.11135752036736 0.953584882230683 0.279777366916497
0.184108214248901 0.776172257875841 0.603042943371366
0.0161109875482848 0.655557498860061 0.754973378185324
0.251362801142642 0.604103578536336 0.756224575507381
0.150710748454141 0.654836488359049 0.740591279866285
0.084483377767853 0.754297625402459 0.651074228635373
-0.0668300456734921 0.828348233985458 0.556213042141635
-0.199970371762237 0.593334098370342 0.779722064666844
0.122814535426667 0.861970576979701 0.491857005957234
-0.0434335471191999 0.659478722174312 0.750467415671048
0.0916743046641259 0.693100763613254 0.714987519711409
-0.078110190421866 0.31302212007065 0.946528367508727
0.083024325308189 0.62541346495432 0.775864008226282
0.0765622403243112 0.752081577247714 0.654607916634922
0.202989164179756 0.655644775172912 0.727272526646006
-0.153780039832364 0.725947728718318 0.670336926118405
-0.106029263752874 0.46882127116346 0.876906158566982
-0.0559993665347455 0.620857027556625 0.781921110011272
-0.00343179037116065 0.692255529480979 0.72164430623255
-0.162654151114056 0.578929998144158 0.798989164115616
-0.0974406363396752 0.616853703996126 0.781022938367356
