0.146296391301758 0.964535219145232 0.219702473633191
-0.103119187868244 0.964238449860998 0.244152912952218
-0.0249783873759111 0.854061865072509 0.519571372183809
0.0564058673514019 0.719465009895353 0.692234409477466
0.264749834574087 0.861734297394495 0.432806568558068
0.114597901272486 0.898566351279436 0.423610473633859
-0.0440289709022153 0.761816110492261 0.646295337686831
-0.00129237199271967 0.845071941056851 0.534651049015186
-0.0753093914982934 0.935643055981949 0.344819615661458
-0.0636147675663298 0.938067661157658 0.340561630894737
