-0.00257997966761639 0.801715187122881 0.597700679639432
0.08505021365349 0.891602269471407 0.444760445892991
0.0616063026536965 0.823570173160639 0.563858877161206
-0.101149731112528 0.896254736139309 0.431852034664329
-0.0757608986725953 0.734593806974816 0.67426421007389
0.0211237427271852 0.757214506547012 0.652824615473375
-0.126284084268475 0.909172758243057 0.396808802484502
0.0476094026476367 0.96242727217712 0.26733329487597
0.0666458846690754 0.830236313049794 0.553413037929322
0.158909988146254 0.742390294291943 0.650848881545078
