0.0323124995325162 0.747471084123724 0.663508011084166
-0.0793994477357498 0.688766599986005 0.72062216066603
0.0162786565287747 0.764020840661871 0.644986170685811
-0.0249216421356872 0.723525868133538 0.689847251132359
0.0643968270332502 0.786034571090412 0.614819243126597
-0.0124316789287923 0.738880933725162 0.673721321568825
-0.0282732474488663 0.680770762029334 0.731950676647474
-0.0414595397496506 0.679776767793393 0.732246305919063
-0.0131266462410866 0.722385536934785 0.691365914104756
0.032372031689125 0.708185704958102 0.705283672615008
0.0246419331726504 0.73908459439266 0.673161746878826
-0.0044403036995639 0.665329700860529 0.746536451123383
-0.0413290115845521 0.774177667548446 0.6316176468962
0.0209683684275053 0.679973192698508 0.732937094665624
0.0570060141971156 0.675390888779366 0.735253331647791
-0.0831583555482124 0.626545812999997 0.774935501906249
0.0560154679312119 0.712973025555401 0.698950450448975
-0.012778274433959 0.723706989891441 0.689989064032728
-0.00838032724462633 0.74088370675933 0.671581047360501
-0.00754497533263233 0.680246776790831 0.732944333502153
-0.125325804933384 0.617241477911924 0.776728009384819
0.0128935273778606 0.706151703485153 0.707943167646085
-0.0674243422542234 0.739557492771754 0.669707901220183
-0.00583218943787798 0.719814009264364 0.694142476465115
0.0745892020427343 0.746359384891703 0.661350224557841
0.020949783556569 0.675377352508794 0.737174699977655
0.0488885773641084 0.838262121650471 0.543071378742577
-0.0167539174876136 0.715859048460331 0.698043787298682
0.00784896940606667 0.663472777008092 0.748159252999275
0.0256720609782565 0.623021404840484 0.781783393527721
