0.0582399000518836 0.077788766245886 0.995267311775027
0.0885462322926257 0.0502627019732244 0.99480310893017
0.0584340392567151 -0.138209155703377 0.988677749489642
0.202716326393553 0.124943415997743 0.971233871841544
0.0866863580057019 -0.576913645109609 0.812192170254092
0.100549453670927 0.197941688856255 0.975043022219641
0.0715080140313126 -0.182656629571373 0.980572873173088
0.150697356351155 -0.0482675845088062 0.987400904939052
0.0777440495891793 0.0432344581489456 0.996035463415858
0.158311857430524 0.0759358091906562 0.984464884431871
