-0.0129629985395062 0.746082005852251 0.665727873242774
-0.0765758503726695 0.692391369399241 0.717447092628541
0.017808277207213 0.765539945434099 0.64314186398311
-0.0320120159448329 0.727646983081567 0.685204421211249
0.0404626780852014 0.774108335446524 0.631758701304846
-0.000954909849133557 0.733933131748473 0.679221058469964
-0.0160237035387677 0.677351965104225 0.735484572438026
-0.0400902869051727 0.690476211615456 0.722243290096231
-0.0119329332972224 0.709307482450982 0.704798198381618
0.041874859651686 0.710706996204876 0.70224074338833
0.0176950017140598 0.753198868829729 0.657554827301843
0.0165503426819821 0.66762335982635 0.744315212508306
0.00615756193575698 0.778651136592211 0.627426881727796
0.0255049284272026 0.694788619958608 0.718761624046482
0.0491955802706041 0.680234305694565 0.731341974891413
-0.0471077475843801 0.65207330388653 0.756690998014402
0.020065952536245 0.703832853660035 0.710082158385623
-0.0465829418788036 0.707701423832249 0.704974272035315
-0.0090520334847824 0.736792737782067 0.676058076086217
-0.0110167130164119 0.68175430598705 0.731498255843738
-0.107255605612408 0.620252393708986 0.777034878987416
0.0115433068083881 0.702241093812082 0.711845628089081
-0.0460261009050648 0.718985760506414 0.693499152288228
-0.00827478534828489 0.725004459221539 0.688694462034017
0.0615721589714445 0.730730689971043 0.679883466466157
-0.00549317782534421 0.738436193565907 0.674300981038344
0.0477255238144294 0.822971449153301 0.566074437026752
-0.0291794816962268 0.70508991050645 0.708517308151287
0.021439383148039 0.688559729858916 0.724862643034422
0.0155072826993872 0.626455215273033 0.779303142198528
