0.158563903298443 0.79507946212547 0.585411084176782
-0.152786408165459 0.590502510995027 0.792441226835445
0.0638237598512616 0.694630203332969 0.716530116810205
-0.0825587562069733 0.785624355770479 0.613170794635375
0.250091897543092 0.763434236356038 0.595501645289725
0.101423181350657 0.764620416643722 0.636450278290686
0.0496767998479045 0.756280674018677 0.65235861124287
0.0156947135640812 0.791531209359817 0.610927181074412
-0.0129494607045749 0.525576732473473 0.850647641359199
-0.0360130668712229 0.7524067506404 0.657713570336878
