0.0246569681754463 0.858060472475796 0.512956391416472
-0.0164519703785555 0.994924220421864 0.0992729987892478
0.0042872216032838 0.94052768156996 0.33969000563979
0.0972189482049344 0.991093471272737 0.0910066333323167
-0.0908258533347393 0.821932284243788 0.562297060710623
0.0994228131860472 0.994864642377304 0.0189591024484551
0.266500485599794 0.829904167843522 0.490139330569406
0.0988163835515745 0.987369883020729 -0.123838751792076
0.0765640150956439 0.992205674293908 0.0983150623831641
0.144661150268824 0.900178341662388 0.41079448000777
-0.157114834525978 0.912234784189186 0.378341944921765
0.184043852506613 0.892019325766269 0.412830937326668
-0.0757007467116155 0.784940670388986 0.614928890943167
0.00478692683576439 0.962515615835437 0.27118402350507
0.0854381919770608 0.976816866032649 -0.196288373537111
-0.223679756263848 0.890562945264034 0.396061872894115
-0.308075542798619 0.568508283127243 0.762815699854854
0.169558704419003 0.863169799848041 0.475591991507472
-0.0493300257219085 0.884590554476041 0.463752196214796
-0.174405443610854 0.471330802462607 0.8645403494857
0.137803558621188 0.97322336140095 0.18397409615153
-0.106324766713496 0.970365233011326 0.216993913615556
-0.0672268866569984 0.8586108336725 0.508200730037474
0.0692529944026118 0.766242168752488 0.63880901808894
0.235631070440631 0.920955116717462 0.310354106843985
0.0706755141507448 0.927411135101042 0.367305810177466
-0.018189516440024 0.864944640188329 0.501537546850843
0.00521743803907716 0.890423101983343 0.455103809910079
-0.304455940942975 0.939579124689949 0.156517246562152
-0.0164813622460237 0.951229094056247 0.308044761876333
