0.146296391301758 0.964535219145232 0.219702473633191
-0.103119187868244 0.964238449860998 0.244152912952218
-0.0249783873759111 0.854061865072509 0.519571372183809
0.0564058673514019 0.719465009895353 0.692234409477466
0.264749834574087 0.861734297394495 0.432806568558068
0.114597901272486 0.898566351279436 0.423610473633859
-0.0440289709022153 0.761816110492261 0.646295337686831
-0.00129237199271967 0.845071941056851 0.534651049015186
-0.0753093914982934 0.935643055981949 0.344819615661458
-0.0636147675663298 0.938067661157658 0.340561630894737
0.140499876759764 0.981675778038885 -0.128734033737167
-0.0904089327573045 0.992102620065988 -0.0869403021382265
0.0887977264380903 0.970189455219513 0.225493646829109
-0.077135310232241 0.977861885823043 0.194515490822656
0.347844087015729 0.93540280905729 0.0634513666986343
0.152235278914144 0.786747942917597 0.598207400630302
0.193912535553728 0.960833941470613 0.197979962302173
-0.0107543851634429 0.968908018032176 0.247187369808241
-0.0400691182645052 0.978456697800057 -0.202526433562912
0.129289996281575 0.988125079550459 0.0830236353390317
