-0.00826757101686669 0.95549312853372 -0.294897488280801
-0.0684431045275228 0.961386240199058 -0.26655588269358
0.0584563481551346 0.908289348630569 -0.414238234020742
0.0709860940405942 0.996425755167039 -0.045789615554808
0.0557269136308517 0.967313482408426 -0.247384595009599
0.0411014761114216 0.923428353362711 0.381563552854952
0.0606300832881353 0.960300782794762 -0.272298364967993
0.106774464653073 0.875226903832763 -0.471780754700068
0.0510870510587664 0.946876823123723 -0.317512826583818
0.0511832288448317 0.935651335087898 -0.349194582193442
-0.148648453806488 0.9606558333978 0.23461459234182
0.252606846107154 0.960817727319161 0.114101166378962
0.0444156124533973 0.998863016339855 -0.0173184283015382
-0.0549119038623685 0.988296862098542 0.142316531648243
0.331968834709312 0.943208745686728 -0.0124078540372989
0.157475148414948 0.943145191299648 0.29270928540113
0.24543516427338 0.961562236364085 0.123124513142583
-0.10509817034919 0.990856290435496 0.0846060653479455
0.148819837172309 0.983349133705039 -0.104293515165404
0.125835785308269 0.991304984406278 0.0384679480492632
