-0.160318058443535 0.646463827047486 0.7459106115722
-0.000658218509886074 0.677787847958621 0.735257233835897
-0.157250668795801 0.731074010112791 0.663929980420282
0.0746358046460486 0.714575153274968 0.695565846621938
0.0470832476346386 0.741741489109153 0.669031188455599
0.0588887619426693 0.646981235820733 0.760228514469654
0.00577696825468792 0.773377851808202 0.633919020830197
-0.0124624334565813 0.636703997753486 0.771007592048917
0.0516796099307472 0.678697778294666 0.732597122336206
0.0361958919786606 0.701993298210414 0.711263148680946
0.137803558621188 0.97322336140095 0.18397409615153
-0.106324766713496 0.970365233011326 0.216993913615556
-0.0672268866569984 0.8586108336725 0.508200730037474
0.0692529944026118 0.766242168752488 0.63880901808894
0.235631070440631 0.920955116717462 0.310354106843985
0.0706755141507448 0.927411135101042 0.367305810177466
-0.018189516440024 0.864944640188329 0.501537546850843
0.00521743803907716 0.890423101983343 0.455103809910079
-0.304455940942975 0.939579124689949 0.156517246562152
-0.0164813622460237 0.951229094056247 0.308044761876333
