-0.0183908763645089 0.818812009165896 0.573767086292212
0.0802509967261634 0.883199973784571 0.462079629318789
0.0649006917746755 0.826805081284313 0.558731829923451
-0.0933960724075115 0.884588616384045 0.456924669308423
-0.0657780946736204 0.748074733915341 0.660346450538352
0.0089510304659592 0.769534149317456 0.638542928931059
-0.119476938510382 0.901470710960182 0.416023819564614
0.047757194098651 0.962425677255642 0.267312674916178
0.0565643466220585 0.833902265887389 0.54900590674336
0.158288680385522 0.734134462322879 0.660296361410319
0.110818174772979 0.993714164925432 -0.015858454102976
0.0853816568933752 0.993597764815593 -0.0739827981330819
0.0503044877766453 0.984233339081623 0.169570612871948
0.183086317629508 0.975562120175606 -0.12148230313648
0.120357182302774 0.846520373316126 0.518572469601756
0.06196400294999 0.97303387550828 -0.222183571516326
0.0632424321968448 0.988928005116402 0.134245280983436
0.150270666460052 0.988225804817396 0.0287834239565281
0.0863063144220284 0.995284687376483 -0.0442674955783966
0.192726417814131 0.98014067664452 -0.04669884220573
