-0.078110190421866 -0.946528367508727 0.31302212007065
0.083024325308189 -0.775864008226282 0.62541346495432
0.0765622403243112 -0.654607916634922 0.752081577247714
0.202989164179756 -0.727272526646006 0.655644775172912
-0.153780039832364 -0.670336926118405 0.725947728718318
-0.106029263752874 -0.876906158566982 0.46882127116346
-0.0559993665347455 -0.781921110011272 0.620857027556625
-0.00343179037116064 -0.721644306232549 0.692255529480979
-0.162654151114056 -0.798989164115616 0.578929998144158
-0.0974406363396752 -0.781022938367356 0.616853703996126
