0.137803558621188 0.97322336140095 0.18397409615153
-0.106324766713496 0.970365233011326 0.216993913615556
-0.0672268866569984 0.8586108336725 0.508200730037474
0.0692529944026118 0.766242168752488 0.63880901808894
0.235631070440631 0.920955116717462 0.310354106843985
0.0706755141507448 0.927411135101042 0.367305810177466
-0.018189516440024 0.864944640188329 0.501537546850843
0.00521743803907716 0.890423101983343 0.455103809910079
-0.304455940942975 0.939579124689949 0.156517246562152
-0.0164813622460237 0.951229094056247 0.308044761876333
0.120074334803333 0.988384132521348 -0.0931609397846567
-0.0892597494953668 0.992311338182591 -0.0857374202685142
0.0592704027411994 0.97475305181724 0.215275422033897
-0.0763650714932562 0.975245243064936 0.207521304291977
0.349786144827964 0.934381115911911 0.0676873925749972
0.241888373268616 0.862115726034176 0.445248795396492
0.150751799085694 0.956486352269895 0.249815437861347
0.00511000810805032 0.976218737354068 0.216727627809571
-0.0359319134536611 0.956611114717486 -0.289143688837449
0.118112130226968 0.9860629996404 0.117172033495302
