0.0173042615876514 -0.243955957246532 0.969631916479049
0.0393386794099256 0.0993913804338426 0.994270497298265
-0.000835070027553585 -0.212386344414024 0.977185419132161
0.144044724451638 0.089529353967559 0.985512867564804
-0.0443555571822649 -0.561837587602987 0.82605757045348
0.0978301387640948 0.0915656980573355 0.990981829746979
0.251053507579684 -0.248945171436703 0.935413511742421
-0.00386553042023095 0.132290518705624 0.991203448508512
0.0831176200699028 -0.0229414790023533 0.996275639456822
0.163551599029017 -0.144808243309294 0.975849090343752
