0.00611589395243104 0.726625138573874 0.687006916874686
0.019928337982584 0.721791107232733 0.691824008592501
-0.0588230828716106 0.724058503895709 0.687225674620635
-0.00337425630015294 0.790069395419414 0.61300812785478
0.0334422532230973 0.634023514245612 0.772590317751269
0.108217254406539 0.641952216966093 0.759069415126857
0.0768209636257417 0.522839192694882 0.848962730707171
0.138834823732056 0.782263891795054 0.607279256448748
-0.0666783079462943 0.606730765040352 0.792105915899489
-0.0497674557583059 0.767492134354828 0.639123637530967
-0.0455094219466072 0.871342969273302 0.488559435905266
0.0802160208093178 0.914877448855534 0.395682503506422
0.0619815277444129 0.877662635014714 0.475254236506627
-0.181605851042468 0.882874545056346 0.433072571930723
-0.223548170995328 0.757062033769926 0.613908211599085
-0.04684112482893 0.847063765459014 0.529423163708538
-0.046838365541173 0.896167851021655 0.441236161605847
0.0114927910716295 0.961470449812196 0.2746679629868
-0.0668110750769505 0.859366179231156 0.506977366596091
0.093456630436827 0.827789125937586 0.553200706079523
