0.0869876397232799 -0.479919494918752 0.872989363584862
0.0178050622736954 -0.425087104247644 0.904977311074583
0.242827259873752 -0.445991814292998 0.861467482523772
0.0703952027543275 -0.133817291451733 0.988502629201207
-0.103409844748687 -0.522908424564558 0.846092892966525
0.0989615020293987 -0.294550928496758 0.950497959828312
-0.107885474737503 -0.713868981132481 0.691918927416744
0.303544829343433 -0.252570763970504 0.918732031533799
0.0291891517698588 -0.095328284380436 0.995017844873165
0.213876154114331 -0.575498880312021 0.789340249487427
