-0.0129629985395062 0.313262033753112 0.949578253161754
-0.0765758503726695 0.240904968946567 0.967523092787225
0.017808277207213 0.341406108366127 0.939747165163698
-0.0320120159448329 0.287558561730118 0.957227927095138
0.0404626780852014 0.354518133125552 0.934173252115124
-0.000954909849133557 0.295994207538266 0.955189257294581
-0.0160237035387677 0.218861722864557 0.975624306374979
-0.0400902869051727 0.236848294919709 0.970719142743918
-0.0119329332972224 0.261879199706126 0.965026885565477
0.041874859651686 0.264369941666588 0.963511821449201
0.107231410807568 0.0153401834004902 0.994115739393285
0.129801356710899 0.0608627334939749 0.989670316553776
0.048674393127107 -0.183651637614828 0.981785556756209
0.17872414313374 0.083492873986614 0.980350254069721
0.105170932060424 -0.513116852880533 0.851851025907417
0.0647856290920275 0.203308098583853 0.976969108679168
0.0610463792124284 -0.132346729191438 0.989321829768949
0.154462817378307 -0.0288367142370297 0.987577684012538
0.0863974057163283 0.0448982430543298 0.9952485297935
0.194861533225174 0.045148513091839 0.97979109744615
