0.120325355490869 0.784283101294316 0.60862289297246
0.0159624542904053 0.702376316106827 0.711626805724201
0.192930476776787 0.605463980470436 0.772134184895072
0.115921076761576 0.63134309506456 0.766790845196224
0.0795544376422263 0.741483624625531 0.666238039940391
0.131011603113181 0.865318414373484 0.483797479939565
-0.221568033383434 0.544560394932457 0.80892619122736
0.128447194752993 0.861305644309347 0.491583060368182
-0.00264179832523084 0.64624947441092 0.763121640189307
0.0513368002704213 0.663015961679743 0.746842933618495
