0.0911868875016801 0.974715621678366 0.203996098991897
-0.0873129818253682 0.987082972101278 0.134326651832282
-0.11705207934133 0.872996025600962 0.47347307210315
0.0432479976895091 0.750919752185478 0.658975823891551
0.223660138739311 0.955167364636853 0.193988267356047
-0.183181666928078 0.865123067631603 0.466911720513776
0.0200830633191726 0.95414438612202 0.298672330488701
-0.000235629003425584 0.944644492905307 0.328095605735049
-0.290197435558864 0.946877427298928 0.138595043442477
0.041533068141412 0.96246892882133 0.268195013570877
