-0.160318058443535 0.969209452097655 -0.186898791064732
-0.000658218509886074 0.975645366797473 -0.219352877790602
-0.157250668795801 0.940517234434465 -0.301163674594098
0.0746358046460486 0.959665269816913 -0.271057312338312
0.0470832476346386 0.95026874968122 -0.307851378381626
0.0588887619426693 0.981867824122392 -0.180187928757779
0.00577696825468792 0.935678901885208 -0.352805355975041
-0.0124624334565813 0.986064160101774 -0.165898040721171
0.0516796099307472 0.973796607829864 -0.221470956327137
0.0361958919786606 0.966968604638615 -0.25231245519617
0.120074334803333 0.988384132521348 -0.0931609397846567
-0.0892597494953668 0.992311338182591 -0.0857374202685142
0.0592704027411994 0.97475305181724 0.215275422033897
-0.0763650714932562 0.975245243064936 0.207521304291977
0.349786144827964 0.934381115911911 0.0676873925749972
0.241888373268616 0.862115726034176 0.445248795396492
0.150751799085694 0.956486352269895 0.249815437861347
0.00511000810805032 0.976218737354068 0.216727627809571
-0.0359319134536611 0.956611114717486 -0.289143688837449
0.118112130226968 0.9860629996404 0.117172033495302
