-0.0795677553323846 0.628798759366608 0.77348632342814
0.0246962230906316 0.801170095548477 0.597926897341056
0.0280681434925954 0.811452660458772 0.583743744424949
-0.0522914922661971 0.773746123407736 0.631333934101498
-0.0402684021943663 0.674330940548452 0.737330481130241
-0.0695485996682054 0.666626216724103 0.742140471514861
-0.0364675774015531 0.578428855932523 0.81491728072428
-0.0557284278682851 0.767698011545458 0.638383979589463
-0.0533343414823157 0.63845398957747 0.767809840527757
-0.01760905594708 0.674826202037801 0.737766574325436
0.120325355490869 0.784283101294316 0.60862289297246
0.0159624542904053 0.702376316106827 0.711626805724201
0.192930476776787 0.605463980470436 0.772134184895072
0.115921076761576 0.63134309506456 0.766790845196224
0.0795544376422263 0.741483624625531 0.666238039940391
0.131011603113181 0.865318414373484 0.483797479939565
-0.221568033383434 0.544560394932457 0.80892619122736
0.128447194752993 0.861305644309347 0.491583060368182
-0.00264179832523084 0.64624947441092 0.763121640189307
0.0513368002704213 0.663015961679743 0.746842933618495
