0.184108214248901 0.776172257875841 0.603042943371366
0.0161109875482848 0.655557498860061 0.754973378185324
0.251362801142642 0.604103578536336 0.756224575507381
0.150710748454141 0.654836488359049 0.740591279866285
0.084483377767853 0.754297625402459 0.651074228635373
-0.0668300456734921 0.828348233985458 0.556213042141635
-0.199970371762237 0.593334098370342 0.779722064666844
0.122814535426667 0.861970576979701 0.491857005957234
-0.0434335471191999 0.659478722174312 0.750467415671048
0.0916743046641259 0.693100763613254 0.714987519711409
