-0.0163083099875781 0.53653003151778 0.843723630287121
-0.0127341543066366 0.776970268731881 0.629408486454388
0.0693602774081322 0.584100358432079 0.808712509608566
-0.109470277856255 0.620606434288032 0.776443115744076
-0.0464094966372952 0.564231873327531 0.824310955734047
0.0678347335225427 0.835545826867768 0.545217039473075
-0.0406750292767357 0.725988469588204 0.686502938098821
-0.00262195008646765 0.773033544087688 0.634359728460889
0.115416895459222 0.680546866583405 0.723557117735749
0.124342553962175 0.933113551272995 0.337398917758879
