0.123449704005893 -0.745226508639471 0.655284382082987
-0.0034265084422098 -0.729417128046203 0.68406060575999
-0.00625042999949799 -0.508514713668027 0.861030613920287
0.000510065378039582 -0.746722184566904 0.665135864999732
0.00389236715188696 -0.625144268886104 0.78049951477039
-0.0267362424217391 -0.0458749563326695 0.998589335874684
-0.0722146764437813 -0.7843514825694 0.616098849452994
0.0288022326072371 -0.658427865879188 0.75209253209337
-0.035113873281818 -0.555919627078797 0.830494060262757
-0.0220646392184694 -0.740768750453932 0.671397654186458
-0.00728653984691636 -0.947670861274069 0.319165858182112
0.0545260456340545 -0.73461156270758 0.676293399556613
0.185949813943161 -0.544359302015507 0.817982650796271
0.322368161283706 -0.686714017794116 0.651538660676115
-0.223288203707516 -0.613899505085427 0.757145808771956
-0.0612026797284652 -0.889974708506535 0.451884111485193
-0.104658802181012 -0.783297034650397 0.612774257483073
-0.031833940224246 -0.693079722825695 0.720157689716396
-0.151051084096614 -0.823553367510318 0.546757186377695
-0.121498631539317 -0.796542743281212 0.59224803981112
