-0.12835690367521 0.978017326577844 -0.164336892365777
0.0112277708593343 0.972542503987016 -0.232454329063141
-0.0792232129940324 0.945401816305782 -0.316131441411055
0.0300210692850127 0.956102238454786 -0.291491415003481
0.0746454406532267 0.947008173427382 -0.31241571287536
0.0357741932756922 0.971448036523747 -0.234539803508127
0.0377383453442538 0.91215041711683 -0.408114486197526
-0.0185718462129884 0.966335145060962 -0.256615420324364
0.0205174871211157 0.977705891177612 -0.208974216301502
0.0427433941035413 0.982379853324904 -0.181941820486248
0.111903900500383 0.988167701248147 -0.104890949384366
-0.0970539935709915 0.992297429560527 -0.076982683893805
0.0292889427920724 0.984144982849554 0.174930873667782
-0.0375619792217154 0.963462134636258 0.265197686338123
0.390928532015467 0.918401589698435 0.0609376968355317
0.383560612210938 0.884710278012545 0.264894282194494
0.164789605232501 0.967265790250947 0.192979991236208
0.0136093733968358 0.984518506030786 0.174751527142555
-0.0606175403653494 0.949961282509303 -0.306429560475707
0.112922796078176 0.983526716553101 0.141151124516111
