-0.00257997966761639 0.801715187122881 0.597700679639432
0.08505021365349 0.891602269471407 0.444760445892991
0.0616063026536965 0.823570173160639 0.563858877161206
-0.101149731112528 0.896254736139309 0.431852034664329
-0.0757608986725953 0.734593806974816 0.67426421007389
0.0211237427271852 0.757214506547012 0.652824615473375
-0.126284084268475 0.909172758243057 0.396808802484502
0.0476094026476367 0.96242727217712 0.26733329487597
0.0666458846690754 0.830236313049794 0.553413037929322
0.158909988146254 0.742390294291943 0.650848881545078
0.00107772840632275 0.547662877466286 0.836698399153978
-0.00575994925107234 0.768544399406747 0.639770528490605
0.0819332009675157 0.585624519566988 0.806430947236743
-0.082253350751352 0.625172235193122 0.776140491556658
-0.0143974590422939 0.569363496433541 0.82195980564873
0.0773364209256792 0.834721565594477 0.545214623730794
-0.0407811006036195 0.731753997954996 0.680347696630508
-0.0155582292620743 0.77852060882201 0.627426173459185
0.108793485191629 0.679628797557584 0.725443778049196
0.128186426013361 0.920553517695187 0.36898436449928
