0.115744870868794 0.985921675470168 -0.120671349978625
-0.102651714963081 0.991241180462994 -0.0830875897440128
0.0438142963440018 0.98285598349522 0.179093336401788
-0.0615773524263152 0.966875231243275 0.247710550595706
0.396759205881796 0.914937363698643 0.073971298868037
0.335988249112182 0.897315213962208 0.286246927058592
0.193703730711682 0.969916092621208 0.147450459418696
0.00517574320717499 0.981553763605825 0.191116249527597
-0.0602869728153287 0.961211288589283 -0.26914371550771
0.113617777792484 0.984201106260604 0.135790953324957
