-0.0907506108397025 0.964613200470171 -0.247559488024422
-0.00267023736290789 0.982388877218181 -0.186828701623781
-0.182733579975077 0.932339242852256 -0.312012780166414
0.0572975622647735 0.983379601531244 -0.172283338285415
0.062571630602618 0.945224635956277 -0.320367255856544
0.116987640236427 0.938921377177775 -0.32363643106193
0.154212797175081 0.884007866213908 -0.441303190175837
0.0159981841009961 0.999784367524407 -0.0132392053874671
0.114524560571431 0.969346748345034 -0.217372966347773
0.0702925752006826 0.958403467657999 -0.276625644242863
0.129569348847432 0.978505862138319 -0.160430862368178
-0.0792227988279312 0.994924363814801 -0.0620423922296836
0.0926051004119453 0.976215063660469 0.196031744521343
-0.0493724199635455 0.960583343332374 0.273572667968388
0.335903924334214 0.93930642136612 0.0697997163120862
0.195228976403872 0.94387035154287 0.266447755199091
0.207468457820011 0.956907491110633 0.203186841272118
-0.03761151546379 0.957782089888055 0.285024283516664
-0.0581054818192452 0.976932903813417 -0.205489304902321
0.1446095691538 0.985566451247408 0.0880161501358864
