0.0203232857565836 0.95105790228745 -0.308343689010576
0.00583028751161342 0.978470887536284 -0.206302520565042
-0.010003567895539 0.930840447327877 -0.365288913392945
0.0220805240557368 0.973961379874162 -0.225636169465451
0.0527851785511689 0.973027297916353 -0.224569816393305
-0.0675891025002781 0.98300291976567 -0.170695556343374
0.0399765135760661 0.964149319072766 -0.2623317916186
-0.0324106706554952 0.959631851321925 -0.279385501334832
-0.0044821378075607 0.952076809626208 -0.305826190854635
-0.0103608003226604 0.970998546553567 -0.238860788761017
-0.212446249652488 0.973284268457228 0.087088023185002
0.243533499041682 0.956687272184926 0.159502031597971
0.0932035593953033 0.987601531836939 0.126318291745009
-0.0309700567387793 0.99458424763137 0.0992120453833009
0.219084718019349 0.970035232223254 -0.105040632975811
0.0441906462778134 0.963493918257036 0.264058054721405
0.245999337803789 0.955825022288397 0.160881486092972
-0.0834447078597959 0.984516842453199 0.154154363078626
0.0324421670110552 0.991479593179868 -0.126157528937083
0.0792407947156406 0.99266139311885 0.0913468941134681
