-0.21399952146983 0.974251517217086 0.07098018040897
0.239465591151756 0.961586530946965 0.134192302892983
0.0809622227601051 0.986999193822027 0.138844192822068
-0.0267309055314275 0.994021801440311 0.105858948373899
0.232679698495471 0.967698264551967 -0.0970578522901061
0.0234963560452019 0.957264489204755 0.288257903551935
0.240279638868651 0.956665570297748 0.164489153903941
-0.090251297411763 0.985327555292982 0.14485962893729
0.0369359080240493 0.986327554143219 -0.160604155102832
0.0885604493388874 0.991576112728581 0.0945190958429562
