-0.0763714736870242 -0.939762424641152 0.333187609672772
0.0896931400430115 -0.79255281090237 0.603170939750894
0.052018986758 -0.704588917001195 0.707706494993337
0.186762675958545 -0.750419034778761 0.634027582294742
-0.116031357759401 -0.684788510851873 0.719445216414554
-0.109066012203719 -0.866555104036706 0.487018332971063
-0.0437028346013411 -0.787282463760556 0.615041774599837
0.0390899189997519 -0.724342410368673 0.688331352455991
-0.146345370039848 -0.756279744014239 0.637670746907569
-0.0937495536191157 -0.776368198969768 0.623268353780821
