-0.0924171946060553 0.634613408326063 0.767284096090831
0.0368058938476857 0.802828299399755 0.595073144967046
-0.011269115470514 0.807537094167068 0.589709122009081
-0.0302530185667933 0.768449843933043 0.63919448701227
-0.044821113101636 0.667670640400346 0.743106307177999
-0.0508502049535745 0.669028031853224 0.74149561647442
-0.016806951841115 0.579363633407585 0.814895887003102
-0.0572217307436283 0.770351384344671 0.635046784236368
-0.0552070774141753 0.622425494162926 0.780729583671211
-0.0120069516201446 0.668919047302916 0.743238280276353
0.150360593221214 0.806021937825157 0.572468625996869
-0.132189268510053 0.729930335927066 0.670617403579849
0.0564653894582726 0.665590858667398 0.744177713084531
-0.0155933683403608 0.789110137198757 0.614053774708666
0.211019661236656 0.783222319526718 0.584836302538373
0.128479299925716 0.747625575603998 0.651574299825729
0.11181634308595 0.693493481453944 0.711733023401172
0.0346245351680008 0.762565565402459 0.645983668544978
-0.082188217835749 0.56724487064114 0.819437827769929
-0.069848470763036 0.714465611206232 0.696175323848649
