0.0706087041302987 0.454419428044517 0.88798501919612
0.169543402115376 0.79802594349063 0.578281616788079
0.0755016298876228 0.464563596912709 0.882315231823546
-0.159764435119152 0.788182317216541 0.59434330155073
0.089129563790342 0.52911622003949 0.843855406186194
0.0423757341727577 0.795240633741771 0.604811236336847
-0.0685779795927682 0.762923599762395 0.642841070281421
-0.0584208479440289 0.759281748533979 0.648134423456033
0.180250599950431 0.683070355540204 0.707760277636213
-0.0164880087713952 0.967214086112099 0.253426630789055
0.197914776446381 0.773349546067354 0.602295791834541
0.123501643323574 0.624396629214648 0.771282175031786
0.14413197166077 0.653335878247953 0.743221504626417
0.277972539312162 0.556811196875894 0.78274680352077
0.0557131427726832 0.801029034148445 0.596027291467093
0.0776298894483858 0.907179722941507 0.413519709987327
-0.185672675516119 0.595262100208542 0.781785577778205
-0.0106195513679141 0.919248515198579 0.393534486968999
0.123189049353974 0.601950296886763 0.788974206293972
0.0564039377173411 0.698871797628405 0.713019499235204
0.0321391685918849 0.304650210008199 0.951921910339384
0.0546791092541322 0.664888869963114 0.744938242816374
0.349735792460956 0.821225306749799 0.450859036756951
0.287879765834803 0.415057779559496 0.863048248969917
-0.240080892894566 0.710756556215784 0.661200637222339
0.0168130812388753 0.389272670129215 0.920969113808778
-0.150767789070087 0.641365329228876 0.752276271220921
-0.0345008023060151 0.781483205345816 0.622971664205259
-0.1942994296512 0.482031622663029 0.854337899422743
-0.20983937500942 0.559497257063521 0.801829318517384
