0.0449409073913604 0.3269263882286 0.943980641497824
-0.00178581441299663 0.243384168838038 0.969928325818924
0.024956244143984 0.366636247395974 0.930029595213843
-0.0484791464489163 0.250346304640096 0.966941828711858
0.129736766499754 0.411170001335926 0.902279115030157
-0.0422931769202695 0.338100796687658 0.940159102740149
-0.0380989091715669 0.373128397529834 0.926997126250537
-0.0152464556906071 0.198367748052336 0.980009072468984
-0.0337935697732655 0.278081803540697 0.959962762393174
0.0428409161652942 0.239132829991329 0.970041311245277
0.0798809731047669 0.106863147078105 0.991059684344187
0.0778417035802857 0.0969860811231372 0.992237052952617
0.052538680867889 -0.169135591339921 0.984191464479731
0.190599447450072 0.138365770652122 0.971867668020483
0.1284468415545 -0.557588357976713 0.820119888762311
0.0856740334693545 0.201228162300693 0.975790544474672
0.0670074954133757 -0.139538720598439 0.987946831065406
0.158553103427678 -0.0385636916740771 0.986597058113351
0.0764417317146378 0.0403565338988587 0.996257000890903
0.207827655707943 0.0609580804772287 0.976264194748262
