-0.106207807480835 -0.823294103988835 0.557590100313245
0.109408265489959 -0.763579556412622 0.636377319262072
-0.219233125620869 -0.705409410552652 0.674043322149448
-0.0399622771951929 -0.750285130448495 0.659905477647564
-0.0621198154087325 -0.604122850779853 0.794466304948931
-0.191225007215482 -0.915616020851864 0.353666932260904
-0.0751877450794221 -0.805871326473051 0.587297376257068
0.0670054872303688 -0.686383757178715 0.724146119621069
-0.123797402835527 -0.673192412559337 0.729030986120424
-0.0775632375841185 -0.737009626281348 0.671416975466139
