0.0178064492534568 0.959218561084311 0.282104027685406
0.0239755612365965 0.999056373291755 -0.0362151273436332
0.00356858407695475 0.972578464326999 0.232547620789853
0.142108912456199 0.986403071729775 -0.0825471809487165
-0.0514426175733384 0.822409352930515 0.566565541936337
0.0921248744169936 0.995132623901483 -0.0349866883343006
0.272626402449538 0.928547009622382 0.251943040405474
-0.00235284698480062 0.993023683733053 -0.117891592814346
0.0844005987047921 0.995695312987448 0.0383064307016661
0.149113931621964 0.972750402265911 0.177543488440855
-0.250954496764653 0.917022766521022 0.309985622627456
0.0421049346201246 0.84461380309816 0.533717807550674
0.0314709612522368 0.84479744204919 0.534159957788868
-0.0877365314737831 0.981757405546623 0.168685202964909
0.0175216227939804 0.942149083988497 -0.334735860454629
-0.328534135442783 0.865306449559205 0.37856316540322
-0.288695696091336 0.744723917528669 0.601698497354856
-0.00313796847477148 0.986072938115414 0.166283835264544
-0.179479457333447 0.952108239417638 0.247541965792341
-0.312373439297608 0.739507544416295 0.596281331397155
0.0979487115275069 0.978379469647985 0.182152856912616
-0.0797499449926703 0.988717914168062 0.126794449708272
-0.109599841600964 0.879131131054587 0.463806348740211
0.0494897026105776 0.739324864597173 0.671527746205538
0.237608846495631 0.953703406083777 0.18436878610876
-0.179420595869928 0.879396355863065 0.440987867262174
0.0124931456659957 0.956136052863202 0.292656402162237
-0.00954069271633179 0.951041232748188 0.308916734404758
-0.386961055906373 0.918449997993745 0.0819191210714225
0.0561821752620939 0.970295373813536 0.235309266155989
