0.0164350580395842 0.946191274193487 0.323190286839413
0.00494045702004411 0.999924362720697 0.0112632465142989
0.0139401312246003 0.96527891223384 0.260849179293508
0.138688292702305 0.98830269383829 -0.0634298259441026
-0.0391264258250527 0.818716101360682 0.572863917675849
0.11038656034595 0.993873693292448 -0.00546709028818421
0.276624794173031 0.920075877650933 0.277378987332481
0.0115441612742309 0.996950926424914 -0.0771724215052233
0.0834050771696571 0.995039198055892 0.054227183539352
0.145323436467516 0.960654966217489 0.236692067241271
-0.237284277521902 0.915558069466948 0.324730031064057
0.0716654506394472 0.829163813768142 0.554392850893763
0.0579286616858592 0.846162672424409 0.52976693172646
-0.082476688741519 0.984118564072523 0.157188573573495
0.0251116908337753 0.943972822330457 -0.329066427465552
-0.346111116478366 0.860884766520002 0.37294036228853
-0.292450969177799 0.714891025547194 0.635140340569741
0.0462092329541913 0.974917521544803 0.217716634584324
-0.17420616372364 0.943130570409755 0.283120009323365
-0.274339820646916 0.718268681295475 0.639396406212513
0.0911868875016801 0.974715621678366 0.203996098991897
-0.0873129818253682 0.987082972101278 0.134326651832282
-0.11705207934133 0.872996025600962 0.47347307210315
0.0432479976895091 0.750919752185478 0.658975823891551
0.223660138739311 0.955167364636853 0.193988267356047
-0.183181666928078 0.865123067631603 0.466911720513776
0.0200830633191726 0.95414438612202 0.298672330488701
-0.000235629003425584 0.944644492905307 0.328095605735049
-0.290197435558864 0.946877427298928 0.138595043442477
0.041533068141412 0.96246892882133 0.268195013570877
