0.00578000785471732 0.743200393707273 0.669043919561753
-0.0833065107139688 0.695034320186578 0.714133964348038
0.0133220607318443 0.769885491361964 0.638042986708736
-0.0260931193993874 0.729546591901806 0.683433185735422
0.0609168851292207 0.773162351016883 0.631275781316057
-0.00443390215097502 0.738351537984803 0.674401473061255
-0.00615527689379649 0.693587951714022 0.720345657169881
-0.0377580431675447 0.68098252495089 0.73132559840858
-0.00924973472199662 0.719119006374896 0.694825371642368
0.0443489758218051 0.711847825079635 0.70093212387003
0.0203232857565836 0.742562418923493 0.669468459345582
0.00583028751161342 0.66789866744223 0.744229385187407
-0.010003567895539 0.781769702383042 0.62348701755954
0.0220805240557367 0.682387344706773 0.730657212543245
0.0527851785511688 0.680996814877986 0.730381450374638
-0.0675891025002781 0.639328147989315 0.76595772233966
0.0399765135760661 0.709260655298376 0.703811907549184
-0.0324106706554952 0.721770867265979 0.691372810858063
-0.0044821378075607 0.740891655235846 0.671609608063019
-0.0103608003226604 0.692358784311813 0.721479013972647
-0.109514042984844 0.610093291897833 0.784724696674177
0.0128878373755692 0.714045354515167 0.699980810696329
-0.0565598207969358 0.718141450184426 0.693594870366289
-0.0137498830145727 0.720526000395159 0.69329158618264
0.0639283008143428 0.73935764597852 0.670271171756695
0.00894522272287401 0.723102548722469 0.690682768730702
0.0341843076682053 0.832908302985991 0.552354226856501
-0.0315585876849628 0.706033021160358 0.707475390790738
0.0193480288657548 0.67746025394878 0.735304874251942
0.0151572495773681 0.623878175953651 0.781374608849043
