-0.0984808772074666 -0.807463268764868 0.58163956744706
0.0746267391915121 -0.754827198534061 0.651664599430461
-0.227019932388683 -0.693198146613393 0.684060143430382
-0.0447950597879092 -0.752091927398204 0.657534132468462
-0.0521768390499385 -0.607642026086691 0.792495265348644
-0.173525872775221 -0.923319144981231 0.342593823628981
-0.0440847741505952 -0.82372967437789 0.565266270210231
0.0824354895413772 -0.68020442691102 0.728372382559035
-0.127760562743585 -0.668067654615601 0.733050371709784
-0.0633783857022794 -0.763731164545866 0.642415666470852
