-0.157114834525978 0.912234784189186 0.378341944921765
0.184043852506613 0.892019325766269 0.412830937326668
-0.0757007467116155 0.784940670388986 0.614928890943167
0.00478692683576439 0.962515615835437 0.27118402350507
0.0854381919770608 0.976816866032649 -0.196288373537111
-0.223679756263848 0.890562945264034 0.396061872894115
-0.308075542798619 0.568508283127243 0.762815699854854
0.169558704419003 0.863169799848041 0.475591991507472
-0.0493300257219085 0.884590554476041 0.463752196214796
-0.174405443610854 0.471330802462607 0.8645403494857
-0.195474538561551 0.978614278060968 0.0640609049995257
0.292740164878729 0.953745173562878 0.06836182979039
-0.00354106816902553 0.982714073114077 0.185095951710897
-0.0711488352806873 0.992850702611832 0.095840104139094
0.256612544933812 0.960071758075603 -0.111410148228129
-0.0964048421175027 0.890277859738094 0.445097111736819
0.23684143624577 0.957025675115761 0.167355882018715
-0.107239787562936 0.982715121876743 0.150899361159132
0.0360873615508668 0.98767266382544 -0.152316812822015
0.104112676549172 0.989645429413352 0.0988052358077686
