0.0578211840576319 0.340166498283024 0.938585885318994
-0.0670057709744348 0.243740873211463 0.967522926540883
0.0227612067047335 0.347404794907825 0.937438977184327
-0.0248385572183636 0.284383066398685 0.95838891772651
0.07966843120642 0.373507684311389 0.924199627152842
-0.0159147821087502 0.303762265671551 0.952614930422843
-0.051296130447148 0.248555068639908 0.967258540853768
-0.0136791765925256 0.208819276508091 0.977858573560813
-0.0116122768612977 0.289042103812833 0.957245954417958
0.0386057634071244 0.244779333061275 0.968809926217641
0.102417277312068 0.0408078003537746 0.993904132569268
0.0839286337032356 0.0821685102372657 0.993078204558985
0.0529835815664118 -0.162346717559164 0.985310247273497
0.184833421851805 0.150969122960319 0.971105004661774
0.120343832698761 -0.53178038526061 0.838288126948873
0.0607524282211551 0.22122330959545 0.973329024408945
0.0674093952288531 -0.140603277092536 0.987768541666376
0.142413666627784 -0.0465956925475591 0.988709860876103
0.0849767944691365 0.0332238653841032 0.99582886038249
0.18698669404106 0.0303530966295444 0.981893408561537
