-0.0216662689683428 0.717629614043857 0.696087860716056
0.0174459399791056 0.73541042047124 0.677397337343866
-0.125404083263068 0.654189188228836 0.7458621333098
-0.0450106910701833 0.745382475097954 0.665115782030643
-0.0406992138682032 0.684449338701539 0.727923537702646
0.075444602653467 0.651902122911669 0.754540743812896
-0.0214268582195896 0.61434091379945 0.788749726706066
0.0609931382785328 0.778605571303542 0.624542393611532
-0.0997978133504883 0.621269717649595 0.777215757934728
-0.00953635950545835 0.742221123787537 0.670087204213711
-0.0163083099875781 0.53653003151778 0.843723630287121
-0.0127341543066366 0.776970268731881 0.629408486454388
0.0693602774081322 0.584100358432079 0.808712509608566
-0.109470277856255 0.620606434288032 0.776443115744076
-0.0464094966372952 0.564231873327531 0.824310955734047
0.0678347335225427 0.835545826867768 0.545217039473075
-0.0406750292767357 0.725988469588204 0.686502938098821
-0.00262195008646765 0.773033544087688 0.634359728460889
0.115416895459222 0.680546866583405 0.723557117735749
0.124342553962175 0.933113551272995 0.337398917758879
