0.201545150903898 0.84372023308989 0.49750951792088
-0.062768311702426 0.917659260212821 0.392379435230346
0.309256185157218 0.703554990094124 0.639821059246773
-0.0962382706044767 0.446389359560948 0.889648658146477
0.142144032934936 0.222355994282731 0.964548021462659
0.250813294087916 0.784149718329651 0.567628320956854
-0.349168484502656 -0.0543386756820235 0.935483125318273
-0.104910027994645 0.622024848306797 0.775937480803105
-0.508775227921401 0.757521198661611 0.409034718614206
-0.253619676715288 0.834801322741292 0.488655104477814
