0.00213036625744537 0.741346423935198 0.6711191706829
-0.158400022022091 0.979680935736446 0.123023157080132
0.0396758447369253 0.941218057123718 0.335461467666056
-0.314814872385582 0.828756570464435 0.462659856738055
-0.85239628381291 0.232394624992127 0.468415748685621
-0.0689510329503377 0.907704569827562 0.413905990496926
-0.099492407318694 0.949855573523872 0.29643827406657
0.0359573378157903 0.990249793540385 0.134582377191168
0.0204144549093659 0.983411164139457 0.180237987884441
0.185094261915829 0.829526517518395 0.526902145506772
0.0497026508694109 0.983164717381308 -0.175831695075392
0.10732664284071 0.992976467157178 -0.0497868196272102
0.0678704567376553 0.984369544757578 0.162512154794587
0.172731986611658 0.974044144261511 -0.146293081965793
0.284520911982846 0.743258429844141 0.605487206396693
0.0920850821032692 0.974048832144205 -0.206758821462459
0.0669467801932097 0.988083776145449 0.138595021338835
0.147580574193377 0.986266176544889 0.0741552636316404
0.0853395133106022 0.992320630748856 -0.0895373288528419
0.163094289026109 0.979763600855378 -0.116032492543995
