0.126487254028129 -0.518512846397088 0.84566270030646
-0.116468767512267 -0.680574624995675 0.723362430601818
0.070065004802588 -0.60530493118264 0.792904051817112
-0.0809834084258189 -0.691965094165714 0.717374376470175
0.151271782325095 -0.534076537975271 0.831792702214042
-0.0225196375067772 -0.644357219651497 0.764392987546037
-0.0722814366003559 -0.546769272620613 0.834157512967973
-0.0264882402930255 -0.752112486638394 0.658502225181351
-0.0920753688416018 -0.646297399418779 0.757510262608505
0.0590582564163101 -0.702971202435841 0.708762026984356
0.0278446188094943 -0.726557558712782 0.686541179450057
-0.0482565779064649 -0.330569247899156 0.942547226950535
0.105499423883419 -0.468113311011018 0.877348163282154
0.106247024930932 -0.157141144026291 0.981844300562688
-0.098908641840176 -0.509645884438902 0.8546801466302
0.0898943548139031 -0.184843748779978 0.978647941554856
0.111704621950758 -0.651287724614102 0.750564039374272
0.205820608472415 -0.0641419400805706 0.976485375543713
0.0186181480527448 -0.160405882614319 0.986875532874236
0.177840753656692 -0.498391138337579 0.848515727353001
