-0.0290846151474697 0.496185845284241 0.867729043020508
-0.0359613083135835 0.793885753900171 0.607002631014671
0.0590275362411986 0.563169970886139 0.824230146171201
-0.120972771792498 0.638864769633827 0.759748244226702
-0.142942689098388 0.533426104184948 0.833680981555529
0.0532087946569601 0.817980060847653 0.572780450283373
-0.00904917594466279 0.704106577579799 0.710036646817321
-0.00849839090172159 0.754521282438808 0.656220551109898
0.0715806374602472 0.682782266402325 0.727106999710008
0.108481970815117 0.951991958133548 0.286256831633974
0.184861003318119 0.789586741196329 0.585131769415385
0.0295676378152485 0.67529426520054 0.736955500814866
0.250074431308765 0.584904085082305 0.77158926253521
0.150402270256182 0.631752048730766 0.760439679413342
0.0777715218280697 0.738596484486375 0.669646790104241
-0.0278274911812585 0.860965609349827 0.507901417847438
-0.19863026057904 0.58026161526183 0.789836994218449
0.149103462095283 0.853854809128445 0.498698428430877
-0.0139854847759603 0.642017498743853 0.766562415933802
0.0427070418430061 0.692123522564915 0.720514495405438
-0.0763714736870242 0.333187609672772 0.939762424641152
0.0896931400430115 0.603170939750894 0.79255281090237
0.052018986758 0.707706494993337 0.704588917001195
0.186762675958545 0.634027582294742 0.750419034778761
-0.116031357759401 0.719445216414554 0.684788510851873
-0.109066012203719 0.487018332971062 0.866555104036706
-0.0437028346013411 0.615041774599837 0.787282463760556
0.0390899189997519 0.68833135245599 0.724342410368673
-0.146345370039848 0.637670746907569 0.756279744014239
-0.0937495536191157 0.623268353780821 0.776368198969768
