0.0798809731047669 0.106863147078105 0.991059684344187
0.0778417035802857 0.0969860811231372 0.992237052952617
0.052538680867889 -0.169135591339921 0.984191464479731
0.190599447450072 0.138365770652122 0.971867668020483
0.1284468415545 -0.557588357976713 0.820119888762311
0.0856740334693545 0.201228162300693 0.975790544474672
0.0670074954133757 -0.139538720598439 0.987946831065406
0.158553103427678 -0.0385636916740771 0.986597058113351
0.0764417317146378 0.0403565338988587 0.996257000890903
0.207827655707943 0.0609580804772287 0.976264194748262
