0.111903900500383 0.988167701248147 -0.104890949384366
-0.0970539935709915 0.992297429560527 -0.076982683893805
0.0292889427920724 0.984144982849554 0.174930873667782
-0.0375619792217154 0.963462134636258 0.265197686338123
0.390928532015467 0.918401589698435 0.0609376968355317
0.383560612210938 0.884710278012545 0.264894282194494
0.164789605232501 0.967265790250947 0.192979991236208
0.0136093733968358 0.984518506030786 0.174751527142555
-0.0606175403653494 0.949961282509303 -0.306429560475707
0.112922796078176 0.983526716553101 0.141151124516111
