0.254026049594214 0.794638852284957 0.551379960251372
-0.158222636237829 0.514628009492622 0.84268832270752
0.0555790859541695 0.724911376181409 0.686596287411515
-0.130048356282817 0.794613097628732 0.593023987798983
0.282919754702359 0.750567846142465 0.597163562800191
0.133332193486531 0.779442611349267 0.612120692178517
0.00439417084584058 0.821563118586528 0.570100634485664
0.059930807459467 0.803632513852391 0.592100566624068
0.0194870745448174 0.48462682798675 0.874503911667172
-0.0600716705095034 0.789420317480488 0.610906667790754
0.184108214248901 0.776172257875841 0.603042943371366
0.0161109875482848 0.655557498860061 0.754973378185324
0.251362801142642 0.604103578536336 0.756224575507381
0.150710748454141 0.654836488359049 0.740591279866285
0.084483377767853 0.754297625402459 0.651074228635373
-0.0668300456734921 0.828348233985458 0.556213042141635
-0.199970371762237 0.593334098370342 0.779722064666844
0.122814535426667 0.861970576979701 0.491857005957234
-0.0434335471191999 0.659478722174312 0.750467415671048
0.0916743046641259 0.693100763613254 0.714987519711409
