-0.0455094219466072 0.871342969273302 0.488559435905266
0.0802160208093178 0.914877448855534 0.395682503506422
0.0619815277444129 0.877662635014714 0.475254236506627
-0.181605851042468 0.882874545056346 0.433072571930723
-0.223548170995328 0.757062033769926 0.613908211599085
-0.04684112482893 0.847063765459014 0.529423163708538
-0.046838365541173 0.896167851021655 0.441236161605847
0.0114927910716295 0.961470449812196 0.2746679629868
-0.0668110750769505 0.859366179231156 0.506977366596091
0.093456630436827 0.827789125937586 0.553200706079523
0.0798809731047669 0.991059684344187 -0.106863147078105
0.0778417035802857 0.992237052952617 -0.0969860811231371
0.052538680867889 0.984191464479731 0.169135591339921
0.190599447450072 0.971867668020483 -0.138365770652123
0.1284468415545 0.820119888762311 0.557588357976714
0.0856740334693545 0.975790544474672 -0.201228162300693
0.0670074954133757 0.987946831065406 0.139538720598439
0.158553103427678 0.986597058113351 0.0385636916740771
0.0764417317146378 0.996257000890903 -0.0403565338988587
0.207827655707943 0.976264194748262 -0.0609580804772286
