-0.0665016188542578 -0.943353036254128 0.325057815903389
0.0603970897529186 -0.758192549894691 0.649227424585226
0.129435632642188 -0.619743708191992 0.77405694439037
0.249898279670126 -0.706275351788361 0.662363931139172
-0.184973370897189 -0.665820825513984 0.722819120092162
-0.0727238526673716 -0.893138919283191 0.44386271764462
-0.105858294757346 -0.782847765664748 0.613142232458977
-0.0101694461895887 -0.719269527126468 0.694656699176985
-0.1491103506722 -0.830073768883366 0.537348715020495
-0.0993602850869326 -0.794636496025357 0.598899301161711
-0.0982133732339218 -0.799711865798599 0.592296433400487
0.0799103472859092 -0.735022451603462 0.673317408088846
-0.220179453243238 -0.693693198297842 0.685792063970428
-0.0519288440531173 -0.757580357352862 0.650673034102703
-0.0506912148316067 -0.610955446140027 0.790040406289916
-0.178500982209873 -0.925250103923679 0.334738173113454
-0.0658939638855091 -0.768442365691603 0.636517333726073
0.0600068223449613 -0.68448030116448 0.726557567292395
-0.116533976611835 -0.644689144937262 0.755510250555936
-0.035776457314655 -0.792985488644702 0.608189164570478
