-0.001690648684779 -0.382464939453347 0.923968458225698
-0.00569094805943306 -0.0325024961058155 0.999455452162364
0.0104492528796213 -0.322052018702012 0.94666430711431
0.0710215591165373 -0.0392111898988335 0.996703777823368
-0.0822294691989405 -0.56840723901953 0.818627830595476
0.0994740737921097 -0.0117277173695607 0.994971039422003
0.223872813652966 -0.439150537026433 0.870073427439604
0.0658712409892834 0.112167323879766 0.991503641478025
0.0829900767356563 -0.0827217092652227 0.993111154896394
0.145034417310144 -0.341964825296229 0.928453055386015
