-0.00907585610217378 0.714610669332339 0.699463523074934
0.0233418706251065 0.725375992786551 0.687956994415092
-0.128404280654631 0.650323066582107 0.748727086314374
-0.0517264117503869 0.736358270327617 0.674611648318905
-0.0379028753898833 0.669018138587164 0.742278992211517
0.105942236505946 0.646419686212632 0.755591047988845
-0.0028185670758442 0.61069516386981 0.791860765858282
0.0825773823039782 0.787385854938278 0.610904649986346
-0.0966728875514265 0.621608719598797 0.777339663552049
-0.0173118211942772 0.735736906356252 0.677046161995081
-0.0287596038598487 0.851257912270722 0.523958826609798
0.0868361691796404 0.885481207649122 0.456489332430078
0.0685702166344764 0.841468113226203 0.535937999972231
-0.108500986834382 0.896127483456014 0.430329024411271
-0.0798279974562947 0.765866807073299 0.638024705356672
-0.00365977573321089 0.778104617569447 0.628124040424092
-0.114240783735469 0.899534925769585 0.421646724939508
0.0735839136836314 0.959518311624347 0.271863968382281
0.0348664810104406 0.843318639236183 0.53628164355941
0.163871617656358 0.748488133374507 0.642581984749211
