0.118295285627531 0.985889847763025 -0.118437466521787
-0.0478629352574891 0.994807891427243 -0.0898131314598275
0.0355652792822755 0.980446678867266 0.193544363926524
-0.0246564807063176 0.964588221569441 0.26260544695166
0.431214988515306 0.901471501788797 0.0374535064098885
0.359320192631987 0.908844854482208 0.211872673198141
0.187347449787272 0.970105903833688 0.154257798523216
0.0220661298493672 0.98611982442251 0.164562382683249
-0.0917429742429202 0.947498247799928 -0.30631731438678
0.0997354812689625 0.987176672474687 0.124639685084056
