0.0181934832286086 0.974879473762125 0.221988758285848
0.0417756420803607 0.992770656429021 -0.112522084331321
-0.00606337251444884 0.980731885337889 0.195264447853009
0.143518223070251 0.985189414152219 -0.0938314333747757
-0.0177465931767714 0.825855816277649 0.56360201308281
0.101978801156288 0.987821741102774 -0.117509709894164
0.236209308694249 0.937869058364934 0.254178661275603
-0.0264277822166484 0.991792112930169 -0.125099868331744
0.0884491562966824 0.996066817576808 0.00525753486102642
0.173491107127366 0.978282521771277 0.113420206949872
-0.249927571641382 0.923136473953509 0.292156224287835
-0.0375231683227246 0.859068176246189 0.510483966839381
0.0315278868298039 0.856781226643646 0.514715379625532
-0.0940783378552588 0.988156444245787 0.121227505302697
0.00255794142901767 0.927016337119473 -0.375012223333108
-0.315809201515923 0.849715966087134 0.422193468938689
-0.266475771660868 0.77894345834009 0.56765989097956
-0.0520808275763772 0.995567231471334 0.0783165054089058
-0.207430979447501 0.961314677733455 0.181235976394519
-0.297671272202077 0.800873990293614 0.519608184478248
0.0879878939359727 0.972966899097012 0.213526447500669
-0.144936204674291 0.988362299935645 0.0461893996554949
-0.0982650788296423 0.889989154518376 0.445267648861076
0.0673131361942733 0.768208850352558 0.636650692244729
0.252874449681186 0.957998642705989 0.135252036110072
-0.160084402683688 0.856561492287956 0.490586785336536
0.044706820233048 0.960658119189202 0.274111798834918
-0.00366611335865998 0.96625195309789 0.257572752338741
-0.328114820699324 0.918624543784454 0.220158152232105
0.0742629592548147 0.975977954814548 0.204821982703834
