-0.0763714736870242 -0.939762424641152 0.333187609672772
0.0896931400430115 -0.79255281090237 0.603170939750894
0.052018986758 -0.704588917001195 0.707706494993337
0.186762675958545 -0.750419034778761 0.634027582294742
-0.116031357759401 -0.684788510851873 0.719445216414554
-0.109066012203719 -0.866555104036706 0.487018332971063
-0.0437028346013411 -0.787282463760556 0.615041774599837
0.0390899189997519 -0.724342410368673 0.688331352455991
-0.146345370039848 -0.756279744014239 0.637670746907569
-0.0937495536191157 -0.776368198969768 0.623268353780821
-0.106207807480835 -0.823294103988835 0.557590100313245
0.109408265489959 -0.763579556412622 0.636377319262072
-0.219233125620869 -0.705409410552652 0.674043322149448
-0.0399622771951929 -0.750285130448495 0.659905477647564
-0.0621198154087325 -0.604122850779853 0.794466304948931
-0.191225007215482 -0.915616020851864 0.353666932260904
-0.0751877450794221 -0.805871326473051 0.587297376257068
0.0670054872303688 -0.686383757178715 0.724146119621069
-0.123797402835527 -0.673192412559337 0.729030986120424
-0.0775632375841185 -0.737009626281348 0.671416975466139
