0.0181934832286086 -0.221988758285848 0.974879473762125
0.0417756420803607 0.112522084331321 0.992770656429021
-0.00606337251444884 -0.195264447853009 0.980731885337889
0.143518223070251 0.0938314333747757 0.985189414152219
-0.0177465931767714 -0.56360201308281 0.825855816277649
0.101978801156288 0.117509709894164 0.987821741102774
0.236209308694249 -0.254178661275603 0.937869058364934
-0.0264277822166484 0.125099868331744 0.991792112930169
0.0884491562966824 -0.0052575348610265 0.996066817576808
0.173491107127366 -0.113420206949872 0.978282521771277
0.107231410807568 0.0153401834004902 0.994115739393285
0.129801356710899 0.0608627334939749 0.989670316553776
0.048674393127107 -0.183651637614828 0.981785556756209
0.17872414313374 0.083492873986614 0.980350254069721
0.105170932060424 -0.513116852880533 0.851851025907417
0.0647856290920275 0.203308098583853 0.976969108679168
0.0610463792124284 -0.132346729191438 0.989321829768949
0.154462817378307 -0.0288367142370297 0.987577684012538
0.0863974057163283 0.0448982430543298 0.9952485297935
0.194861533225174 0.045148513091839 0.97979109744615
