0.0114573093712734 0.713736637649934 0.700320456746865
0.0058755726961709 0.677008408524793 0.735951827521488
0.00425359330632957 0.780600871363927 0.625015349067415
0.025092944394609 0.615347578588519 0.787856396602106
0.0629311223190607 0.674626862853611 0.73547146087388
0.0722331054571419 0.512348444591292 0.855734450516573
0.118529696081425 0.761281199451785 0.63749638940789
-0.0270487275611761 0.758903056537475 0.650641619569022
-0.0169893966256147 0.749709134329129 0.661549374049863
-0.0337297672905738 0.702880357551591 0.710507920973912
-0.216677750648503 0.900504262265213 0.377018336445444
0.288112145795172 0.773799414783899 0.564115109818375
-0.0079142205412258 0.785536729322993 0.618764423668459
-0.0319205329572446 0.978502895132218 0.203747794573567
0.0418147056817485 0.968652424004783 -0.244875502773157
-0.273857915720104 0.880274067591185 0.387452458920976
-0.281924189738264 0.630659980097304 0.723039930255647
0.117027245807622 0.93925040608865 0.322665923829876
-0.0661477161498396 0.917177281490944 0.392950778043564
-0.161918694343661 0.649789953470308 0.742667727042921
