-0.237284277521902 0.915558069466948 0.324730031064057
0.0716654506394472 0.829163813768142 0.554392850893763
0.0579286616858592 0.846162672424409 0.52976693172646
-0.082476688741519 0.984118564072523 0.157188573573495
0.0251116908337753 0.943972822330457 -0.329066427465552
-0.346111116478366 0.860884766520002 0.37294036228853
-0.292450969177799 0.714891025547194 0.635140340569741
0.0462092329541913 0.974917521544803 0.217716634584324
-0.17420616372364 0.943130570409755 0.283120009323365
-0.274339820646916 0.718268681295475 0.639396406212513
