0.11360855633384 0.975497839376007 0.188406638153977
-0.0823733102481504 0.983639090044067 0.160214788006733
-0.101723917255889 0.868044106766221 0.485954394327853
0.0664204270127879 0.760360881045244 0.64609570301275
0.237558685073299 0.948819713544692 0.208103393377459
-0.156760220762747 0.91063537579563 0.382321128811849
-0.0148634573270136 0.939530394419228 0.342142829237642
0.00604428852785629 0.928191114019071 0.372054730425818
-0.350045457610749 0.927206874498164 0.133250101273612
0.0152710178574539 0.955429635999937 0.294823687424579
