-0.0129629985395062 -0.665727873242774 0.746082005852251
-0.0765758503726695 -0.717447092628541 0.692391369399241
0.017808277207213 -0.64314186398311 0.765539945434099
-0.0320120159448329 -0.685204421211249 0.727646983081567
0.0404626780852014 -0.631758701304846 0.774108335446524
-0.000954909849133557 -0.679221058469965 0.733933131748473
-0.0160237035387677 -0.735484572438026 0.677351965104226
-0.0400902869051727 -0.722243290096231 0.690476211615456
-0.0119329332972224 -0.704798198381618 0.709307482450982
0.041874859651686 -0.70224074338833 0.710706996204876
0.0181934832286086 -0.221988758285848 0.974879473762125
0.0417756420803607 0.112522084331321 0.992770656429021
-0.00606337251444884 -0.195264447853009 0.980731885337889
0.143518223070251 0.0938314333747757 0.985189414152219
-0.0177465931767714 -0.56360201308281 0.825855816277649
0.101978801156288 0.117509709894164 0.987821741102774
0.236209308694249 -0.254178661275603 0.937869058364934
-0.0264277822166484 0.125099868331744 0.991792112930169
0.0884491562966824 -0.0052575348610265 0.996066817576808
0.173491107127366 -0.113420206949872 0.978282521771277
