0.248777308038199 0.78637088326653 0.565447331725851
-0.00447394763027603 0.604201251004905 0.796819196604041
0.304691398146354 0.607584110526773 0.733488037074233
0.251443391269717 0.599471660247015 0.75987495652079
0.0265893878920648 0.761854060648021 0.64720274622845
0.0776298894483858 0.907179722941507 0.413519709987327
-0.221064711557104 0.570913297269719 0.790688560878929
0.169189454716238 0.83949716094307 0.516352055463467
0.0450598304636952 0.720722134394125 0.69175806223922
0.0750525066864706 0.708974005513133 0.701229620557162
