0.0251675207724651 0.949687503827393 -0.312186228031064
0.00657044988463561 0.965271538915186 -0.261166011089923
-0.111865906729492 0.931189790119708 -0.3469460962288
0.0840025863867082 0.995425221572205 -0.0455213547499388
0.0799896708791777 0.95681047042823 -0.279491281136908
0.0807779481660105 0.960034405998538 0.267971756700446
0.130774697752066 0.922848198769349 -0.362283287574825
-0.0265309958823344 0.910700167519347 -0.412215127254842
-0.00676371826868795 0.952651574815005 -0.303988863476399
-0.0411366728254162 0.949805596792282 -0.310124333858071
-0.225636747126754 0.963581803212956 0.143520614766399
0.260422850159384 0.964544099963348 0.0428324449542504
0.0173904126683863 0.990648711606378 0.135324438812237
-0.0899166500693156 0.984999948153937 0.147275585814668
0.266737317663625 0.962350754296263 -0.052270728625385
0.0396758507410357 0.959555514576672 0.278709600325272
0.248880466262261 0.956303370359084 0.153435254595992
-0.0680643935709933 0.992909352971342 0.0974589919394001
0.0522051850081072 0.988900429594696 -0.139106286722402
0.114981574775355 0.993262997773151 0.0144171674358383
