-0.0216662689683428 0.717629614043857 0.696087860716056
0.0174459399791056 0.73541042047124 0.677397337343866
-0.125404083263068 0.654189188228836 0.7458621333098
-0.0450106910701833 0.745382475097954 0.665115782030643
-0.0406992138682032 0.684449338701539 0.727923537702646
0.075444602653467 0.651902122911669 0.754540743812896
-0.0214268582195896 0.61434091379945 0.788749726706066
0.0609931382785328 0.778605571303542 0.624542393611532
-0.0997978133504883 0.621269717649595 0.777215757934728
-0.00953635950545835 0.742221123787537 0.670087204213711
-0.0183908763645089 0.818812009165896 0.573767086292212
0.0802509967261634 0.883199973784571 0.462079629318789
0.0649006917746755 0.826805081284313 0.558731829923451
-0.0933960724075115 0.884588616384045 0.456924669308423
-0.0657780946736204 0.748074733915341 0.660346450538352
0.0089510304659592 0.769534149317456 0.638542928931059
-0.119476938510382 0.901470710960182 0.416023819564614
0.047757194098651 0.962425677255642 0.267312674916178
0.0565643466220585 0.833902265887389 0.54900590674336
0.158288680385522 0.734134462322879 0.660296361410319
