-0.2411443440471 0.627729096692405 0.740138896761838
0.0576598031802558 0.730979034810903 0.679959555976776
-0.0318586601577551 0.864679234433183 0.501313123020929
-0.0210389555657621 0.771964018740435 0.635317964580586
-0.204207775828134 0.49970399905512 0.841780908324516
0.0143976491306547 0.722340270377803 0.6913879095631
-0.0855220519526637 0.557993948823235 0.825426393875589
-0.0418330050412795 0.797426440091662 0.601964344734766
-0.0294177126640025 0.623168648670306 0.781534025808245
-0.0454319449757788 0.735758461993189 0.675718450229927
0.248777308038199 0.78637088326653 0.565447331725851
-0.00447394763027603 0.604201251004905 0.796819196604041
0.304691398146354 0.607584110526773 0.733488037074233
0.251443391269717 0.599471660247015 0.75987495652079
0.0265893878920648 0.761854060648021 0.64720274622845
0.0776298894483858 0.907179722941507 0.413519709987327
-0.221064711557104 0.570913297269719 0.790688560878929
0.169189454716238 0.83949716094307 0.516352055463467
0.0450598304636952 0.720722134394125 0.69175806223922
0.0750525066864706 0.708974005513133 0.701229620557162
