-0.250954496764653 0.917022766521022 0.309985622627456
0.0421049346201246 0.84461380309816 0.533717807550674
0.0314709612522368 0.84479744204919 0.534159957788868
-0.0877365314737831 0.981757405546623 0.168685202964909
0.0175216227939804 0.942149083988497 -0.334735860454629
-0.328534135442783 0.865306449559205 0.37856316540322
-0.288695696091336 0.744723917528669 0.601698497354856
-0.00313796847477148 0.986072938115414 0.166283835264544
-0.179479457333447 0.952108239417638 0.247541965792341
-0.312373439297608 0.739507544416295 0.596281331397155
