-0.0792333579715421 0.510199876173506 0.856398366028971
-0.0306629132654428 0.816215240722487 0.576933676051597
0.0110162752052392 0.491106000633387 0.87103015896264
-0.188381329345818 0.728052225089782 0.659130057193359
0.0420221771655962 0.533884444168446 0.844512603163039
-0.0736513580423561 0.764446061618081 0.640466780040247
-0.0518345844932727 0.78972939812786 0.6112615263396
-0.0564062730087193 0.708647835102318 0.703304043902823
0.0863913274046692 0.696598340584665 0.712241033951254
0.0649641189375154 0.964576029446823 0.255680947016539
