-0.0104561600246961 0.708886344458537 0.705245219308681
0.0299397596347977 0.734032894430017 0.678453624566707
-0.152246032041259 0.599210483171162 0.78598215156928
-0.0367873114504071 0.738928399521783 0.672778948909987
-0.0187137196640776 0.723569877568122 0.689997412293978
0.083863378165042 0.647428842060767 0.757497741429373
-0.0390957334847082 0.623948061670054 0.780487245226644
0.0608142767571067 0.777652790650609 0.625745763817727
-0.0975191457124429 0.625785852238881 0.773874720712063
0.000915317670623116 0.754795629869344 0.655959388471346
-0.0924171946060553 0.634613408326063 0.767284096090831
0.0368058938476857 0.802828299399755 0.595073144967046
-0.011269115470514 0.807537094167068 0.589709122009081
-0.0302530185667933 0.768449843933043 0.63919448701227
-0.044821113101636 0.667670640400346 0.743106307177999
-0.0508502049535745 0.669028031853224 0.74149561647442
-0.016806951841115 0.579363633407585 0.814895887003102
-0.0572217307436283 0.770351384344671 0.635046784236368
-0.0552070774141753 0.622425494162926 0.780729583671211
-0.0120069516201446 0.668919047302916 0.743238280276353
0.0350214037793331 0.681909146257656 0.730597986260214
0.00846382390689374 0.714544724908722 0.699538562046433
-0.0369528623669629 0.819415282221942 0.572007938077805
-0.043772396924336 0.711540966075942 0.701279852029996
0.018047735258979 0.690144131643522 0.723446858317894
-0.0710539023076363 0.939458636503579 0.335214577943284
-0.031245887327277 0.687514535365849 0.725498075935293
-0.011161809341024 0.713005757420515 0.701069328880841
0.000434954772729211 0.807318398029048 0.590115933540314
0.0127475150755924 0.661017569470138 0.750262136663706
