-0.0708295604100418 -0.935710834987564 0.345584152789152
0.0853059801614405 -0.800634754450652 0.593048800449373
0.0324604413061956 -0.712438853885551 0.700983023492331
0.158828049384078 -0.759221898579244 0.631154307159966
-0.111568963787139 -0.685300753080592 0.719663285256819
-0.0962437956231772 -0.843237930451146 0.52885435088738
-0.0455325353861107 -0.791118741775524 0.609965511019127
0.0380631761502323 -0.730271329957245 0.682096019093963
-0.142643546656939 -0.764774422909778 0.628309557988851
-0.0953922997049141 -0.771677740332094 0.62881934944224
