0.197914776446381 0.773349546067354 0.602295791834541
0.123501643323574 0.624396629214648 0.771282175031786
0.14413197166077 0.653335878247953 0.743221504626417
0.277972539312162 0.556811196875894 0.78274680352077
0.0557131427726832 0.801029034148445 0.596027291467093
0.0776298894483858 0.907179722941507 0.413519709987327
-0.185672675516119 0.595262100208542 0.781785577778205
-0.0106195513679141 0.919248515198579 0.393534486968999
0.123189049353974 0.601950296886763 0.788974206293972
0.0564039377173411 0.698871797628405 0.713019499235204
