-0.104993809037696 -0.822604503264215 0.558836408328225
0.0872889838371729 -0.759309804765741 0.644848240818943
-0.225298965716588 -0.695465821306292 0.682325191856347
-0.0463809467121598 -0.762542367792292 0.645273542851254
-0.0595330554052802 -0.611832208888315 0.788744041803776
-0.181378469403852 -0.929310803919699 0.32168817285508
-0.0750368202026934 -0.799112042706836 0.596480862069167
0.0648809589657817 -0.687381920217513 0.723392394846508
-0.112027210294848 -0.693814140612296 0.711387266149722
-0.0744498925773601 -0.744855423451253 0.663059282153922
