-0.0153749654204676 -0.377265018194615 0.925977708416858
-0.00569094805943306 -0.0325024961058155 0.999455452162364
0.0165234763793694 -0.293297913250396 0.955878291840182
0.139165717178788 0.0445268131442065 0.989267540189879
-0.0907224138533645 -0.565723451484677 0.819589177615763
0.106200281256349 -0.011368494974884 0.994279768265994
0.246643149793943 -0.320525391710367 0.914565814979239
0.0386895654029118 0.0827735636694479 0.995817078928853
0.0801693561942914 -0.0692675596849455 0.994371600309806
0.170305646204591 -0.217943316578641 0.96098735560336
