0.027120536249789 0.737123980277517 0.675213088005079
-0.00702761026867909 0.657027183691706 0.753834128030866
0.00697883481952393 0.788022098034345 0.615607398326329
0.0133466096343312 0.669703660273941 0.742508501922338
0.058492102242095 0.676439441364466 0.73417188460321
-0.0570240354492579 0.598697526239739 0.798942758560023
0.0877714169139258 0.714549936601476 0.694056601780971
-0.0194358018250634 0.738928069993014 0.673503939842832
-0.0252081334319899 0.74671756198469 0.664663397993687
-0.0220601107017348 0.691766029034956 0.721784671899477
-0.237284277521902 0.915558069466948 0.324730031064057
0.0716654506394472 0.829163813768142 0.554392850893763
0.0579286616858592 0.846162672424409 0.52976693172646
-0.082476688741519 0.984118564072523 0.157188573573495
0.0251116908337753 0.943972822330457 -0.329066427465552
-0.346111116478366 0.860884766520002 0.37294036228853
-0.292450969177799 0.714891025547194 0.635140340569741
0.0462092329541913 0.974917521544803 0.217716634584324
-0.17420616372364 0.943130570409755 0.283120009323365
-0.274339820646916 0.718268681295475 0.639396406212513
