-0.0328884634021723 0.709559185051703 0.703877909785359
0.033244822019901 0.735841128342411 0.676337649143261
-0.0514983650879589 0.73052950485955 0.680936532228171
-0.0011085478931402 0.813358195813989 0.581762164826642
0.0533971325905227 0.564735546077584 0.823542657806845
0.13405446736644 0.640740567679396 0.755963573665416
0.116137534404274 0.493648168913438 0.861872124175568
0.176816808562703 0.809183064307673 0.560320073393185
-0.0428625186924597 0.617636347050737 0.78529494286743
-0.101257515454573 0.7329244174799 0.672732274999287
-0.0448288320312906 0.848614689411332 0.527108608100853
-0.00133599071988152 0.944287681917379 0.329118502834314
0.052693968112136 0.889229992385369 0.454415411674068
-0.227596074781431 0.875546000139749 0.426168075274734
-0.288056465319637 0.712401385147176 0.639927917212511
-0.0124617328755211 0.85810064410747 0.513330293082421
-0.0900925043177231 0.882535883476469 0.461534132044608
-0.0129276896443712 0.96869098180134 0.247932766324291
-0.0168605033231748 0.891898197603446 0.451921816843814
0.208706797047888 0.871231189954775 0.444294594290769
