-0.0163083099875781 0.53653003151778 0.843723630287121
-0.0127341543066366 0.776970268731881 0.629408486454388
0.0693602774081322 0.584100358432079 0.808712509608566
-0.109470277856255 0.620606434288032 0.776443115744076
-0.0464094966372952 0.564231873327531 0.824310955734047
0.0678347335225427 0.835545826867768 0.545217039473075
-0.0406750292767357 0.725988469588204 0.686502938098821
-0.00262195008646765 0.773033544087688 0.634359728460889
0.115416895459222 0.680546866583405 0.723557117735749
0.124342553962175 0.933113551272995 0.337398917758879
0.120325355490869 0.784283101294316 0.60862289297246
0.0159624542904053 0.702376316106827 0.711626805724201
0.192930476776787 0.605463980470436 0.772134184895072
0.115921076761576 0.63134309506456 0.766790845196224
0.0795544376422263 0.741483624625531 0.666238039940391
0.131011603113181 0.865318414373484 0.483797479939565
-0.221568033383434 0.544560394932457 0.80892619122736
0.128447194752993 0.861305644309347 0.491583060368182
-0.00264179832523084 0.64624947441092 0.763121640189307
0.0513368002704213 0.663015961679743 0.746842933618495
-0.026227221426898 0.344665046136638 0.938359280248165
0.0775987694362667 0.587850183894898 0.805239462692131
0.0054971232050946 0.688318664352484 0.725387619097873
0.143992939243794 0.620305133926727 0.771030203216501
-0.0896665534620507 0.725193729614478 0.682681451130818
-0.0817636385994602 0.55325421819 0.828990034595078
-0.0536430740306986 0.615395658175247 0.786390872599365
0.0241407199412037 0.681164488820564 0.731732304063815
-0.146671009950376 0.655869896157077 0.740487875765054
-0.0873952900538163 0.636833819456162 0.766031820274645
