0.0995743508506523 0.97586217529911 0.194365540858352
-0.0876581280932033 0.99186050989486 0.0923514022108136
-0.100412922200237 0.879773741951826 0.464666986160295
0.0623170714595924 0.756948548044458 0.650496332209557
0.262898728973868 0.951419075313764 0.160268529141021
-0.138646803424938 0.871726751086177 0.469967589670592
0.0208833583468585 0.959741349809419 0.280107884234183
-0.00297133560497759 0.960123080665612 0.279561873541256
-0.370698828833666 0.921460679783066 0.116157625298896
0.0665443419196741 0.972495325203542 0.223214455212322
0.117085451356848 0.988571549179995 -0.0949594083407612
-0.064001437071921 0.994061528643839 -0.0880084843807841
0.0326042629319066 0.982391068765032 0.18396942694199
-0.0354455434062636 0.964637861813566 0.261184626286438
0.400206693424299 0.915320208322781 0.0449835389262582
0.365127327250746 0.897262314880418 0.248198253801594
0.182402437630133 0.970513525828695 0.157584412078543
0.0204066528721183 0.984635532797303 0.173425592319956
-0.0848622124023962 0.947887705933513 -0.307094939467051
0.10413554576162 0.985820381356617 0.131582536116398
