0.152263911725819 0.795318318579964 0.586757593318647
-0.00336913397018597 0.667150582422112 0.744915263174361
0.201668441898588 0.60161047381628 0.772913111117121
0.127718942965609 0.624245101813383 0.77071779820486
0.0715278471919702 0.731674081023252 0.677891441334718
0.128468020209592 0.876270275402436 0.464377402798163
-0.212549909871936 0.562004507986877 0.799358160536227
0.125745944138283 0.862494712265088 0.49019468463819
0.00961056984897087 0.66042741274747 0.75082838880723
0.0546838373059887 0.678019160816127 0.7330072956688
