-0.0792333579715421 0.510199876173506 0.856398366028971
-0.0306629132654428 0.816215240722487 0.576933676051597
0.0110162752052392 0.491106000633387 0.87103015896264
-0.188381329345818 0.728052225089782 0.659130057193359
0.0420221771655962 0.533884444168446 0.844512603163039
-0.0736513580423561 0.764446061618081 0.640466780040247
-0.0518345844932727 0.78972939812786 0.6112615263396
-0.0564062730087193 0.708647835102318 0.703304043902823
0.0863913274046692 0.696598340584665 0.712241033951254
0.0649641189375154 0.964576029446823 0.255680947016539
0.248777308038199 0.78637088326653 0.565447331725851
-0.00447394763027603 0.604201251004905 0.796819196604041
0.304691398146354 0.607584110526773 0.733488037074233
0.251443391269717 0.599471660247015 0.75987495652079
0.0265893878920648 0.761854060648021 0.64720274622845
0.0776298894483858 0.907179722941507 0.413519709987327
-0.221064711557104 0.570913297269719 0.790688560878929
0.169189454716238 0.83949716094307 0.516352055463467
0.0450598304636952 0.720722134394125 0.69175806223922
0.0750525066864706 0.708974005513133 0.701229620557162
-0.00728653984691636 0.319165858182112 0.947670861274069
0.0545260456340545 0.676293399556613 0.73461156270758
0.185949813943161 0.817982650796271 0.544359302015507
0.322368161283706 0.651538660676115 0.686714017794116
-0.223288203707516 0.757145808771956 0.613899505085427
-0.0612026797284652 0.451884111485193 0.889974708506535
-0.104658802181012 0.612774257483073 0.783297034650397
-0.031833940224246 0.720157689716396 0.693079722825695
-0.151051084096614 0.546757186377695 0.823553367510318
-0.121498631539317 0.59224803981112 0.796542743281212
