0.0690286851250021 0.0506797078506692 0.996326556828676
0.0731130552542705 0.0479132103110592 0.996172076214282
0.0561439648632281 -0.169759109006573 0.983885003503322
0.19688405143128 0.147493951163144 0.969268902143409
0.0945505064569395 -0.560941878760084 0.822438089087467
0.117680948996799 0.192806111746075 0.974154503924594
0.0754689138975902 -0.16033583233667 0.984173187962376
0.153033122986575 -0.0355402268185952 0.987581771574718
0.0767166178032656 0.0555579716210556 0.995503828391524
0.191623106239952 0.0500219093893165 0.980193039016295
