0.0239693164114892 0.957141516029737 -0.288627078014283
-0.000741335528812437 0.980286502493124 -0.19757991661966
-0.0517529200040782 0.93626967836781 -0.34744888061424
0.0167634758324736 0.98365431852743 -0.179285156999545
0.058726652852291 0.974052320377247 -0.218570943660104
0.000221297976612933 0.996975640988038 -0.0777143635610324
0.0917250184209284 0.953556940648806 -0.286907096350315
-0.0156778857224157 0.95094773324211 -0.308954062185575
-0.0344165875048838 0.95243475190311 -0.302792902611306
-0.0209892971138551 0.969341404640342 -0.244819710514809
-0.237596586283509 0.969770599293366 0.0556133700885804
0.275289906582498 0.958948331824296 0.0680702888579071
0.0382334897183143 0.985783073062214 0.163615198340424
-0.0191845238939997 0.993978005421669 0.107887343006126
0.226972109193079 0.96649226208454 -0.119901496984625
-0.0256948448912139 0.943145683518294 0.331384964364448
0.239549970888953 0.955318047352721 0.173156691609901
-0.0841000644592402 0.979405398071844 0.183554475253764
0.0477500498107565 0.986715702183563 -0.155280571249172
0.10806493904519 0.991784335886779 0.0684529038009298
