0.139842018365334 0.972832143592757 0.184504282585068
-0.0953077213038919 0.974794044897946 0.201725080967539
-0.096397679765054 0.853710383816082 0.511748051193663
0.0714425328388611 0.783009040014644 0.617893848291852
0.242621496349488 0.938910993335346 0.244092105778062
0.0409461632125876 0.920087457580268 0.389567044450177
-0.0255073192733457 0.907584917121547 0.419093062310702
-0.000411352367250349 0.913420303672711 0.407017419317261
-0.400595145719508 0.909538532217415 0.110739277755262
-0.00978574563766195 0.947921592898439 0.318353408807257
