0.16830908540988 0.77808105874945 0.60519576814765
-0.226754295179782 0.442465105799426 0.86764458147759
0.0937043670904264 0.735780702486295 0.670705784556058
-0.164232399123585 0.801472625855157 0.575038563126814
0.31062053007522 0.744847398288769 0.59052285269771
0.173298377053995 0.775765511848392 0.606758224614264
-0.00599037482076994 0.891309887917229 0.45335504751848
0.065988598041531 0.816902963993034 0.572987829144659
0.0343804839535341 0.441329592465548 0.896686217769245
-0.114178148531123 0.823469701560446 0.555752643727365
0.198795161042032 0.76444964759646 0.613267657907965
0.034423748964362 0.655274454339629 0.754606119109261
0.264129227466951 0.601134934087344 0.754236396773264
0.197611987461371 0.630692297855283 0.750451016281269
0.0700462402081749 0.756887625966396 0.649780459764412
0.0986762399870938 0.871143795160153 0.481010901972061
-0.200570136888838 0.577210878915603 0.791580205317105
0.143398986080535 0.862343310548083 0.485593189350971
-0.0484121138275764 0.649069132714279 0.759187413088679
0.0721492144660749 0.694734138056695 0.715638853242715
