-0.0444597860837434 0.86315206527918 0.502982941684581
0.102195163648527 0.883089831973523 0.457939403405981
0.0649430086492993 0.863034470644576 0.500952999898008
-0.14133269682545 0.879216989379324 0.454975333831191
-0.133225317313559 0.803434920426964 0.580295910260635
-0.0166593327796203 0.807034670939861 0.590269012004127
-0.100912082738528 0.900704128292896 0.422550381414462
0.0248629036926515 0.968461107493873 0.247921195729029
0.00432897227738866 0.83650882824165 0.547936346917052
0.124661073975043 0.765431461302222 0.631327406884996
-0.0290846151474697 0.496185845284241 0.867729043020508
-0.0359613083135835 0.793885753900171 0.607002631014671
0.0590275362411986 0.563169970886139 0.824230146171201
-0.120972771792498 0.638864769633827 0.759748244226702
-0.142942689098388 0.533426104184948 0.833680981555529
0.0532087946569601 0.817980060847653 0.572780450283373
-0.00904917594466279 0.704106577579799 0.710036646817321
-0.00849839090172159 0.754521282438808 0.656220551109898
0.0715806374602472 0.682782266402325 0.727106999710008
0.108481970815117 0.951991958133548 0.286256831633974
