0.0471104533302751 -0.735447440186112 0.675942059581079
0.00958420610037142 -0.705023368837266 0.709119307582848
-0.0234296738128587 -0.569180315987611 0.821878834304222
-0.0431143055463745 -0.706430024468751 0.706468525262331
0.0188872023820691 -0.72381736105948 0.689733065334024
-0.044246530497988 -0.238671348289034 0.970091867837673
-0.0252700273859639 -0.73436721392182 0.678281815201186
-0.0144143733098283 -0.704635765406489 0.709422768137657
0.00407745607853225 -0.590787266141738 0.806817067566557
0.00670561541033715 -0.750908835873603 0.660371830811187
-0.104615004572157 -0.833974550085202 0.541795303254422
0.0978462647791259 -0.786226905751014 0.61014208274955
-0.196769168403719 -0.714780362840221 0.671096809159238
-0.0386653273131401 -0.768425396147604 0.638770227092
-0.0443472688912109 -0.604911451945753 0.795056887931154
-0.170903375549922 -0.871145376451134 0.460323548510669
-0.0640667265917677 -0.809038900447235 0.584252952159375
0.0614511625479115 -0.694565676484456 0.716800024882254
-0.0997054341570439 -0.689863543892493 0.717040526893456
-0.0805984533480874 -0.718211070464282 0.69114162628252
