0.120074334803333 0.988384132521348 -0.0931609397846567
-0.0892597494953668 0.992311338182591 -0.0857374202685142
0.0592704027411994 0.97475305181724 0.215275422033897
-0.0763650714932562 0.975245243064936 0.207521304291977
0.349786144827964 0.934381115911911 0.0676873925749972
0.241888373268616 0.862115726034176 0.445248795396492
0.150751799085694 0.956486352269895 0.249815437861347
0.00511000810805032 0.976218737354068 0.216727627809571
-0.0359319134536611 0.956611114717486 -0.289143688837449
0.118112130226968 0.9860629996404 0.117172033495302
