0.0633319357380544 -0.623339787845399 0.779382175062096
-0.0477993229222017 -0.710596779546522 0.701973960789352
0.0206299996444492 -0.629728116330197 0.776541629674734
-0.0228505970568466 -0.692081460006578 0.721457623793185
0.105512707193407 -0.588350313947454 0.801692569941028
-0.0219539029177268 -0.670515366344151 0.741570744867304
-0.0368092960632065 -0.682977703276474 0.729511159990389
-0.02162283340132 -0.739622782844617 0.672674209534515
-0.00314294410143306 -0.694688942418592 0.719303409684476
0.0437423329258613 -0.715971820894022 0.696757461385167
-0.0153749654204676 -0.377265018194615 0.925977708416858
-0.00569094805943306 -0.0325024961058155 0.999455452162364
0.0165234763793694 -0.293297913250396 0.955878291840182
0.139165717178788 0.0445268131442065 0.989267540189879
-0.0907224138533645 -0.565723451484677 0.819589177615763
0.106200281256349 -0.011368494974884 0.994279768265994
0.246643149793943 -0.320525391710367 0.914565814979239
0.0386895654029118 0.0827735636694479 0.995817078928853
0.0801693561942914 -0.0692675596849455 0.994371600309806
0.170305646204591 -0.217943316578641 0.96098735560336
