0.135187753839592 0.810865972127898 0.569403763999576
-0.132189268510053 0.729930335927066 0.670617403579849
0.0624849312454274 0.665258406482532 0.743993874955685
-0.028617863592491 0.798815813873154 0.600894594242261
0.199880672740466 0.776467029510652 0.597617493676116
0.124666139160179 0.751006438798002 0.648419372498106
0.102231255275981 0.705338699808242 0.70145996963299
0.0221978941797476 0.751524148421011 0.659332016387843
-0.0883702196582772 0.5459621951526 0.83313623480299
-0.0731415190318999 0.717166638031614 0.693052906702035
0.120325355490869 0.784283101294316 0.60862289297246
0.0159624542904053 0.702376316106827 0.711626805724201
0.192930476776787 0.605463980470436 0.772134184895072
0.115921076761576 0.63134309506456 0.766790845196224
0.0795544376422263 0.741483624625531 0.666238039940391
0.131011603113181 0.865318414373484 0.483797479939565
-0.221568033383434 0.544560394932457 0.80892619122736
0.128447194752993 0.861305644309347 0.491583060368182
-0.00264179832523084 0.64624947441092 0.763121640189307
0.0513368002704213 0.663015961679743 0.746842933618495
