0.0882143185640578 0.98492313229054 -0.148810811029544
0.0736181609406579 0.993620890558123 -0.0854277017494806
0.0492513115723019 0.98801261654211 0.146305768382595
0.193413501223484 0.969093749743204 -0.153129101587941
0.128249140222412 0.809420000265774 0.573054466173998
0.0711285863975113 0.972923948854748 -0.219908421716804
0.0683935914999073 0.989982228584684 0.123521268323502
0.161598599571407 0.985750007993882 0.0467205988469899
0.0816851344659274 0.995616656290352 -0.0455523053697846
0.194851695141808 0.978976645096582 -0.0603120655906043
-0.217476353088475 0.974365528321921 0.0575834443679841
0.286743625702816 0.955485918458096 0.0694604401590728
-0.0044382117667488 0.982717586261473 0.185057958296147
-0.0712606693939488 0.993083025604261 0.0933167790604357
0.246557018831763 0.961929190884983 -0.117906183841885
-0.0624210757091884 0.929108871654138 0.364500087682955
0.232770760607013 0.957781147203716 0.168739583582414
-0.104823018839423 0.981544356478301 0.159946275314517
0.0456028981631645 0.988165023279659 -0.14645908113132
0.121221775200909 0.989765679106037 0.0752939684231458
0.117829290936109 0.98380344708696 -0.135081589039031
-0.121602775017747 0.986729767878182 -0.107597073803395
0.0423216641768124 0.980893965496927 0.189883925578284
-0.0503933100938332 0.971600821092832 0.231197661643714
0.369945344114968 0.925532893005859 0.080804123235528
0.291176247826883 0.88692795395121 0.358573837865199
0.177217127806099 0.96673559177958 0.184435314402479
0.0050603690211723 0.982299287675732 0.187249838710531
-0.0406533104084955 0.952577729692036 -0.301567533477323
0.116034674584342 0.984098280050759 0.134486168416101
