0.048763180664784 0.76545488585107 0.641639283350216
-0.031543363072872 0.705018673077307 0.708486899567216
0.0202815447412585 0.779698067538959 0.625827118634948
-0.0291201777506138 0.713870263908596 0.6996722529548
0.0719690447328128 0.806088759662462 0.587402220072481
-0.025501962160939 0.743417140086025 0.668341683386767
-0.0412687095091284 0.756943876323777 0.65217548383191
-0.0110873689042394 0.670598411852035 0.741737716630556
-0.0122713278198152 0.723442387094622 0.690275689176704
0.0497293757503214 0.707745378434993 0.70471516834207
0.0114573093712734 0.713736637649934 0.700320456746865
0.0058755726961709 0.677008408524793 0.735951827521488
0.00425359330632957 0.780600871363927 0.625015349067415
0.025092944394609 0.615347578588519 0.787856396602106
0.0629311223190607 0.674626862853611 0.73547146087388
0.0722331054571419 0.512348444591292 0.855734450516573
0.118529696081425 0.761281199451785 0.63749638940789
-0.0270487275611761 0.758903056537475 0.650641619569022
-0.0169893966256147 0.749709134329129 0.661549374049863
-0.0337297672905738 0.702880357551591 0.710507920973912
-0.230729499025589 0.603194983273176 0.763491788058964
0.00164361287311576 0.695884022097918 0.718152300229936
-0.102549071137491 0.754256419240887 0.648522121475245
0.0157217922736403 0.709147811429375 0.704884534369021
0.0552379187542554 0.742026125825192 0.668091311816397
0.0104830708679398 0.6470957293489 0.762336685647223
0.0581998196429709 0.797241080655902 0.60084893301739
-0.00929388474458558 0.676614011954052 0.73627922864481
0.0368217930087193 0.661048724468796 0.749438949773629
0.0392441427808852 0.689851873827751 0.722886083303402
