0.0449409073913604 0.755116878122373 0.654048022103547
-0.00178581441299663 0.695741036002164 0.718290485590279
0.024956244143984 0.782531101800031 0.622111132028559
-0.0484791464489163 0.70027717391781 0.712223035326203
0.129736766499754 0.807223223946072 0.575811634252295
-0.0422931769202695 0.762883430341344 0.645151268228324
-0.0380989091715669 0.786637234259484 0.616238861803219
-0.0152464556906071 0.661796045339326 0.749528878671197
-0.0337935697732655 0.720807287393024 0.692311237149225
0.0428409161652942 0.692115761273995 0.720514003263113
0.0148632785499613 0.705604802686578 0.708449677377569
0.0302348960974561 0.694119962273377 0.719224115996941
-0.00331247598641906 0.780358454721274 0.625323683901277
0.0518874085257263 0.566794217848599 0.822223820775024
0.0692202594754147 0.67586659973546 0.733766240052091
0.153220748854884 0.413323908755216 0.897600550674775
0.138687480183777 0.790192823388336 0.596959868589041
-0.0495741163325989 0.765622679779688 0.641376893251395
0.00710820217997278 0.74236196778927 0.669961328915193
-0.0318666873624943 0.710565033951541 0.702909558024349
-0.160318058443535 0.646463827047486 0.7459106115722
-0.000658218509886074 0.677787847958621 0.735257233835897
-0.157250668795801 0.731074010112791 0.663929980420282
0.0746358046460486 0.714575153274968 0.695565846621938
0.0470832476346386 0.741741489109153 0.669031188455599
0.0588887619426693 0.646981235820733 0.760228514469654
0.00577696825468792 0.773377851808202 0.633919020830197
-0.0124624334565813 0.636703997753486 0.771007592048917
0.0516796099307472 0.678697778294666 0.732597122336206
0.0361958919786606 0.701993298210414 0.711263148680946
