-0.218158137444907 0.679705965785154 0.700290530524753
0.0142640458102267 0.781683356239644 0.623512363610417
-0.0559001996769877 0.823772685790388 0.564157539896228
-0.00582019975226333 0.775020351927721 0.631909470867999
-0.127033036417834 0.562483284909885 0.816991531079393
-0.0613778304713051 0.64541145408033 0.761365100900054
-0.00777796142636336 0.577151080009416 0.816600351555163
-0.0616352907368529 0.805028942748973 0.590024992921701
-0.00627739443764967 0.598224965164213 0.801303616223807
-0.0468968009891141 0.704350420687133 0.708301612969253
0.198795161042032 0.76444964759646 0.613267657907965
0.034423748964362 0.655274454339629 0.754606119109261
0.264129227466951 0.601134934087344 0.754236396773264
0.197611987461371 0.630692297855283 0.750451016281269
0.0700462402081749 0.756887625966396 0.649780459764412
0.0986762399870938 0.871143795160153 0.481010901972061
-0.200570136888838 0.577210878915603 0.791580205317105
0.143398986080535 0.862343310548083 0.485593189350971
-0.0484121138275764 0.649069132714279 0.759187413088679
0.0721492144660749 0.694734138056695 0.715638853242715
