-0.102137251342274 0.88631354363955 0.451681618232743
0.20794412780534 0.875463584615988 0.436259958880713
-0.0339533462069445 0.800138076745729 0.598854096106053
-0.0224147197880664 0.986347672937127 0.163143643542544
0.128506878607482 0.972009675575833 -0.196680382187769
-0.22545112330712 0.888303011584381 0.400111922603759
-0.377544964884255 0.486294411224269 0.788021284676111
0.245423579720057 0.670170619508888 0.700455999520645
0.0570887353987768 0.897262003882075 0.437791928523234
-0.235071733672705 0.211250859034149 0.948743566294625
-0.199888245620661 0.974911875895639 0.097936323702392
0.309161304078318 0.947836839191069 0.0776183891412187
0.0295965458392183 0.986284139233189 0.162381160149307
-0.0631540142530099 0.993483154048234 0.0948830496248051
0.266906611946644 0.959030256474965 -0.0949833020310742
-0.145771698311003 0.822431839765583 0.549869512622153
0.23199276664189 0.958064394995377 0.168202173790896
-0.0874622609419718 0.987491899293377 0.13118727735904
0.0504948508596253 0.985926518597647 -0.159371170424854
0.122467175848307 0.987529969422479 0.0989259841102338
