0.0124419763850403 0.716413643443147 0.697564827605398
0.0473143620768872 0.726691689689306 0.685332429757821
-0.10965828278712 0.628470456918717 0.770064897133065
-0.0308746371396142 0.745605764017424 0.665671691936416
-0.018103913906592 0.640821890757283 0.767476092544598
0.097476741893886 0.646793837362454 0.756409952829617
0.0466666089190083 0.54786713400026 0.835262731776261
0.106053331533122 0.789935815966921 0.603948754054017
-0.0705308056106267 0.617948236811658 0.783048773756321
-0.025586872133482 0.738301660856527 0.673985140452605
-0.0444597860837434 0.86315206527918 0.502982941684581
0.102195163648527 0.883089831973523 0.457939403405981
0.0649430086492993 0.863034470644576 0.500952999898008
-0.14133269682545 0.879216989379324 0.454975333831191
-0.133225317313559 0.803434920426964 0.580295910260635
-0.0166593327796203 0.807034670939861 0.590269012004127
-0.100912082738528 0.900704128292896 0.422550381414462
0.0248629036926515 0.968461107493873 0.247921195729029
0.00432897227738866 0.83650882824165 0.547936346917052
0.124661073975043 0.765431461302222 0.631327406884996
