0.0173042615876514 -0.243955957246532 0.969631916479049
0.0393386794099256 0.0993913804338426 0.994270497298265
-0.000835070027553585 -0.212386344414024 0.977185419132161
0.144044724451638 0.089529353967559 0.985512867564804
-0.0443555571822649 -0.561837587602987 0.82605757045348
0.0978301387640948 0.0915656980573355 0.990981829746979
0.251053507579684 -0.248945171436703 0.935413511742421
-0.00386553042023095 0.132290518705624 0.991203448508512
0.0831176200699028 -0.0229414790023533 0.996275639456822
0.163551599029017 -0.144808243309294 0.975849090343752
0.110818174772979 0.0158584541029761 0.993714164925432
0.0853816568933752 0.0739827981330819 0.993597764815593
0.0503044877766453 -0.169570612871948 0.984233339081623
0.183086317629508 0.12148230313648 0.975562120175606
0.120357182302774 -0.518572469601756 0.846520373316126
0.06196400294999 0.222183571516326 0.97303387550828
0.0632424321968448 -0.134245280983436 0.988928005116402
0.150270666460052 -0.0287834239565281 0.988225804817396
0.0863063144220284 0.0442674955783966 0.995284687376483
0.192726417814131 0.04669884220573 0.98014067664452
