-0.00826757101686669 0.733135280630258 0.680032578311271
-0.0684431045275228 0.711537286040354 0.699306965514403
0.0584563481551346 0.81288550819605 0.579482532890522
0.0709860940405942 0.537867847883506 0.840035209182345
0.0557269136308517 0.697898084987451 0.714025751684089
0.0411014761114216 0.131270446750721 0.990494189014417
0.0606300832881353 0.715967692868629 0.69549569069035
0.106774464653073 0.846187570503235 0.522078355444738
0.0510870510587664 0.748412585410851 0.661262969787939
0.0511832288448317 0.770237046587362 0.635700534174225
0.144149738175606 0.770112413531276 0.621407856008385
0.393827961943649 0.834379794355597 0.38562921979853
-0.30221794223343 0.599995220621736 0.74072265432027
-0.096252210750955 0.973940635390372 0.205365894590491
0.0623886232626954 0.832724673707632 0.550161137745936
-0.105855109408949 0.86242704196807 0.494989184825512
-0.612852666708083 0.356030425169586 0.705445919445534
0.183371575777503 0.500623968098746 0.846020394412535
-0.108337035859719 0.846971110062964 0.52048345351206
-0.513774656945056 -0.447165378132263 0.73217397282396
