-0.115717922969679 0.980086125374963 -0.161370843559411
0.00372890973337971 0.979370386189671 -0.202038961309185
-0.157250668795801 0.940517234434465 -0.301163674594098
0.0666078621730151 0.967605277964524 -0.243522932702317
0.100292694461562 0.931041180471567 -0.350861362511961
0.0306069404832645 0.99337957518869 -0.110725944530587
0.0457169026269095 0.901798283508354 -0.429732266272372
0.035742213034094 0.991697335565967 -0.123526874965683
0.0667946447390885 0.97525152840319 -0.210767482742052
0.00463600291153776 0.966155710682445 -0.257917913671588
0.140499876759764 0.981675778038885 -0.128734033737167
-0.0904089327573045 0.992102620065988 -0.0869403021382265
0.0887977264380903 0.970189455219513 0.225493646829109
-0.077135310232241 0.977861885823043 0.194515490822656
0.347844087015729 0.93540280905729 0.0634513666986343
0.152235278914144 0.786747942917597 0.598207400630302
0.193912535553728 0.960833941470613 0.197979962302173
-0.0107543851634429 0.968908018032176 0.247187369808241
-0.0400691182645052 0.978456697800057 -0.202526433562912
0.129289996281575 0.988125079550459 0.0830236353390317
